(kicad_pcb (version 20171130) (host pcbnew "(5.0.1)-3")

  (general
    (thickness 1.6)
    (drawings 59)
    (tracks 0)
    (zones 0)
    (modules 32)
    (nets 1)
  )

  (page A4)
  (layers
    (0 F.Cu signal)
    (31 B.Cu signal)
    (32 B.Adhes user)
    (33 F.Adhes user)
    (34 B.Paste user)
    (35 F.Paste user)
    (36 B.SilkS user)
    (37 F.SilkS user)
    (38 B.Mask user)
    (39 F.Mask user)
    (40 Dwgs.User user)
    (41 Cmts.User user)
    (42 Eco1.User user)
    (43 Eco2.User user)
    (44 Edge.Cuts user)
    (45 Margin user)
    (46 B.CrtYd user)
    (47 F.CrtYd user)
    (48 B.Fab user)
    (49 F.Fab user)
  )

  (setup
    (last_trace_width 0.25)
    (trace_clearance 0.2)
    (zone_clearance 0.508)
    (zone_45_only no)
    (trace_min 0.2)
    (segment_width 0.15)
    (edge_width 0.15)
    (via_size 0.8)
    (via_drill 0.4)
    (via_min_size 0.4)
    (via_min_drill 0.3)
    (uvia_size 0.3)
    (uvia_drill 0.1)
    (uvias_allowed no)
    (uvia_min_size 0.2)
    (uvia_min_drill 0.1)
    (pcb_text_width 0.3)
    (pcb_text_size 1.5 1.5)
    (mod_edge_width 0.15)
    (mod_text_size 1 1)
    (mod_text_width 0.15)
    (pad_size 1.524 1.524)
    (pad_drill 0.762)
    (pad_to_mask_clearance 0.051)
    (solder_mask_min_width 0.25)
    (aux_axis_origin 0 0)
    (visible_elements 7FFFFFFF)
    (pcbplotparams
      (layerselection 0x010fc_ffffffff)
      (usegerberextensions false)
      (usegerberattributes false)
      (usegerberadvancedattributes false)
      (creategerberjobfile false)
      (excludeedgelayer true)
      (linewidth 0.100000)
      (plotframeref false)
      (viasonmask false)
      (mode 1)
      (useauxorigin false)
      (hpglpennumber 1)
      (hpglpenspeed 20)
      (hpglpendiameter 15.000000)
      (psnegative false)
      (psa4output false)
      (plotreference true)
      (plotvalue true)
      (plotinvisibletext false)
      (padsonsilk false)
      (subtractmaskfromsilk false)
      (outputformat 1)
      (mirror false)
      (drillshape 1)
      (scaleselection 1)
      (outputdirectory ""))
  )

  (net 0 "")

  (net_class Default "This is the default net class."
    (clearance 0.2)
    (trace_width 0.25)
    (via_dia 0.8)
    (via_drill 0.4)
    (uvia_dia 0.3)
    (uvia_drill 0.1)
  )

  (module "SynthComponents:Cinch Banana Jack (Panel)" (layer F.Cu) (tedit 5D265EF7) (tstamp 5D32FF9A)
    (at 92.075 128.5875)
    (fp_text reference REF** (at 0.0127 1.7399) (layer F.SilkS) hide
      (effects (font (size 1 1) (thickness 0.15)))
    )
    (fp_text value "Banana Jack" (at 0.02286 -6.69544) (layer F.Fab) hide
      (effects (font (size 1 1) (thickness 0.15)))
    )
    (fp_circle (center 0 0) (end 5.8166 0) (layer Dwgs.User) (width 0.15))
    (fp_line (start 3.175 -2.69748) (end 3.175 2.69748) (layer Edge.Cuts) (width 0.15))
    (fp_line (start -3.175 -2.69748) (end -3.175 2.69748) (layer Edge.Cuts) (width 0.15))
    (fp_arc (start 0 0) (end 3.174999 -2.697479) (angle -99.3) (layer Edge.Cuts) (width 0.15))
    (fp_arc (start 0 0) (end -3.174999 2.697479) (angle -99.3) (layer Edge.Cuts) (width 0.15))
  )

  (module "SynthComponents:Cinch Banana Jack (Panel)" (layer F.Cu) (tedit 5D265EF7) (tstamp 5D32FF92)
    (at 66.675 166.6875)
    (fp_text reference REF** (at 0.0127 1.7399) (layer F.SilkS) hide
      (effects (font (size 1 1) (thickness 0.15)))
    )
    (fp_text value "Banana Jack" (at 0.02286 -6.69544) (layer F.Fab) hide
      (effects (font (size 1 1) (thickness 0.15)))
    )
    (fp_circle (center 0 0) (end 5.8166 0) (layer Dwgs.User) (width 0.15))
    (fp_line (start 3.175 -2.69748) (end 3.175 2.69748) (layer Edge.Cuts) (width 0.15))
    (fp_line (start -3.175 -2.69748) (end -3.175 2.69748) (layer Edge.Cuts) (width 0.15))
    (fp_arc (start 0 0) (end 3.174999 -2.697479) (angle -99.3) (layer Edge.Cuts) (width 0.15))
    (fp_arc (start 0 0) (end -3.174999 2.697479) (angle -99.3) (layer Edge.Cuts) (width 0.15))
  )

  (module "SynthComponents:Cinch Banana Jack (Panel)" (layer F.Cu) (tedit 5D265EF7) (tstamp 5D32FF8A)
    (at 41.275 166.6875)
    (fp_text reference REF** (at 0.0127 1.7399) (layer F.SilkS) hide
      (effects (font (size 1 1) (thickness 0.15)))
    )
    (fp_text value "Banana Jack" (at 0.02286 -6.69544) (layer F.Fab) hide
      (effects (font (size 1 1) (thickness 0.15)))
    )
    (fp_circle (center 0 0) (end 5.8166 0) (layer Dwgs.User) (width 0.15))
    (fp_line (start 3.175 -2.69748) (end 3.175 2.69748) (layer Edge.Cuts) (width 0.15))
    (fp_line (start -3.175 -2.69748) (end -3.175 2.69748) (layer Edge.Cuts) (width 0.15))
    (fp_arc (start 0 0) (end 3.174999 -2.697479) (angle -99.3) (layer Edge.Cuts) (width 0.15))
    (fp_arc (start 0 0) (end -3.174999 2.697479) (angle -99.3) (layer Edge.Cuts) (width 0.15))
  )

  (module "SynthComponents:Cinch Banana Jack (Panel)" (layer F.Cu) (tedit 5D265EF7) (tstamp 5D32FF82)
    (at 41.275 147.6375)
    (fp_text reference REF** (at 0.0127 1.7399) (layer F.SilkS) hide
      (effects (font (size 1 1) (thickness 0.15)))
    )
    (fp_text value "Banana Jack" (at 0.02286 -6.69544) (layer F.Fab) hide
      (effects (font (size 1 1) (thickness 0.15)))
    )
    (fp_circle (center 0 0) (end 5.8166 0) (layer Dwgs.User) (width 0.15))
    (fp_line (start 3.175 -2.69748) (end 3.175 2.69748) (layer Edge.Cuts) (width 0.15))
    (fp_line (start -3.175 -2.69748) (end -3.175 2.69748) (layer Edge.Cuts) (width 0.15))
    (fp_arc (start 0 0) (end 3.174999 -2.697479) (angle -99.3) (layer Edge.Cuts) (width 0.15))
    (fp_arc (start 0 0) (end -3.174999 2.697479) (angle -99.3) (layer Edge.Cuts) (width 0.15))
  )

  (module "SynthComponents:Cinch Banana Jack (Panel)" (layer F.Cu) (tedit 5D265EF7) (tstamp 5D32FF7A)
    (at 66.675 147.6375)
    (fp_text reference REF** (at 0.0127 1.7399) (layer F.SilkS) hide
      (effects (font (size 1 1) (thickness 0.15)))
    )
    (fp_text value "Banana Jack" (at 0.02286 -6.69544) (layer F.Fab) hide
      (effects (font (size 1 1) (thickness 0.15)))
    )
    (fp_circle (center 0 0) (end 5.8166 0) (layer Dwgs.User) (width 0.15))
    (fp_line (start 3.175 -2.69748) (end 3.175 2.69748) (layer Edge.Cuts) (width 0.15))
    (fp_line (start -3.175 -2.69748) (end -3.175 2.69748) (layer Edge.Cuts) (width 0.15))
    (fp_arc (start 0 0) (end 3.174999 -2.697479) (angle -99.3) (layer Edge.Cuts) (width 0.15))
    (fp_arc (start 0 0) (end -3.174999 2.697479) (angle -99.3) (layer Edge.Cuts) (width 0.15))
  )

  (module "SynthComponents:Cinch Banana Jack (Panel)" (layer F.Cu) (tedit 5D265EF7) (tstamp 5D32FF72)
    (at 92.075 147.6375)
    (fp_text reference REF** (at 0.0127 1.7399) (layer F.SilkS) hide
      (effects (font (size 1 1) (thickness 0.15)))
    )
    (fp_text value "Banana Jack" (at 0.02286 -6.69544) (layer F.Fab) hide
      (effects (font (size 1 1) (thickness 0.15)))
    )
    (fp_circle (center 0 0) (end 5.8166 0) (layer Dwgs.User) (width 0.15))
    (fp_line (start 3.175 -2.69748) (end 3.175 2.69748) (layer Edge.Cuts) (width 0.15))
    (fp_line (start -3.175 -2.69748) (end -3.175 2.69748) (layer Edge.Cuts) (width 0.15))
    (fp_arc (start 0 0) (end 3.174999 -2.697479) (angle -99.3) (layer Edge.Cuts) (width 0.15))
    (fp_arc (start 0 0) (end -3.174999 2.697479) (angle -99.3) (layer Edge.Cuts) (width 0.15))
  )

  (module "SynthComponents:Cinch Banana Jack (Panel)" (layer F.Cu) (tedit 5D265EF7) (tstamp 5D32FF6A)
    (at 66.675 109.5375)
    (fp_text reference REF** (at 0.0127 1.7399) (layer F.SilkS) hide
      (effects (font (size 1 1) (thickness 0.15)))
    )
    (fp_text value "Banana Jack" (at 0.02286 -6.69544) (layer F.Fab) hide
      (effects (font (size 1 1) (thickness 0.15)))
    )
    (fp_arc (start 0 0) (end -3.174999 2.697479) (angle -99.3) (layer Edge.Cuts) (width 0.15))
    (fp_arc (start 0 0) (end 3.174999 -2.697479) (angle -99.3) (layer Edge.Cuts) (width 0.15))
    (fp_line (start -3.175 -2.69748) (end -3.175 2.69748) (layer Edge.Cuts) (width 0.15))
    (fp_line (start 3.175 -2.69748) (end 3.175 2.69748) (layer Edge.Cuts) (width 0.15))
    (fp_circle (center 0 0) (end 5.8166 0) (layer Dwgs.User) (width 0.15))
  )

  (module "SynthComponents:Cinch Banana Jack (Panel)" (layer F.Cu) (tedit 5D265EF7) (tstamp 5D32FF62)
    (at 41.275 109.5375)
    (fp_text reference REF** (at 0.0127 1.7399) (layer F.SilkS) hide
      (effects (font (size 1 1) (thickness 0.15)))
    )
    (fp_text value "Banana Jack" (at 0.02286 -6.69544) (layer F.Fab) hide
      (effects (font (size 1 1) (thickness 0.15)))
    )
    (fp_arc (start 0 0) (end -3.174999 2.697479) (angle -99.3) (layer Edge.Cuts) (width 0.15))
    (fp_arc (start 0 0) (end 3.174999 -2.697479) (angle -99.3) (layer Edge.Cuts) (width 0.15))
    (fp_line (start -3.175 -2.69748) (end -3.175 2.69748) (layer Edge.Cuts) (width 0.15))
    (fp_line (start 3.175 -2.69748) (end 3.175 2.69748) (layer Edge.Cuts) (width 0.15))
    (fp_circle (center 0 0) (end 5.8166 0) (layer Dwgs.User) (width 0.15))
  )

  (module "SynthComponents:Cinch Banana Jack (Panel)" (layer F.Cu) (tedit 5D265EF7) (tstamp 5D32FF5A)
    (at 117.475 166.6875)
    (fp_text reference REF** (at 0.0127 1.7399) (layer F.SilkS) hide
      (effects (font (size 1 1) (thickness 0.15)))
    )
    (fp_text value "Banana Jack" (at 0.02286 -6.69544) (layer F.Fab) hide
      (effects (font (size 1 1) (thickness 0.15)))
    )
    (fp_circle (center 0 0) (end 5.8166 0) (layer Dwgs.User) (width 0.15))
    (fp_line (start 3.175 -2.69748) (end 3.175 2.69748) (layer Edge.Cuts) (width 0.15))
    (fp_line (start -3.175 -2.69748) (end -3.175 2.69748) (layer Edge.Cuts) (width 0.15))
    (fp_arc (start 0 0) (end 3.174999 -2.697479) (angle -99.3) (layer Edge.Cuts) (width 0.15))
    (fp_arc (start 0 0) (end -3.174999 2.697479) (angle -99.3) (layer Edge.Cuts) (width 0.15))
  )

  (module "SynthComponents:Cinch Banana Jack (Panel)" (layer F.Cu) (tedit 5D265EF7) (tstamp 5D32FF52)
    (at 117.475 109.5375)
    (fp_text reference REF** (at 0.0127 1.7399) (layer F.SilkS) hide
      (effects (font (size 1 1) (thickness 0.15)))
    )
    (fp_text value "Banana Jack" (at 0.02286 -6.69544) (layer F.Fab) hide
      (effects (font (size 1 1) (thickness 0.15)))
    )
    (fp_circle (center 0 0) (end 5.8166 0) (layer Dwgs.User) (width 0.15))
    (fp_line (start 3.175 -2.69748) (end 3.175 2.69748) (layer Edge.Cuts) (width 0.15))
    (fp_line (start -3.175 -2.69748) (end -3.175 2.69748) (layer Edge.Cuts) (width 0.15))
    (fp_arc (start 0 0) (end 3.174999 -2.697479) (angle -99.3) (layer Edge.Cuts) (width 0.15))
    (fp_arc (start 0 0) (end -3.174999 2.697479) (angle -99.3) (layer Edge.Cuts) (width 0.15))
  )

  (module "SynthComponents:Cinch Banana Jack (Panel)" (layer F.Cu) (tedit 5D265EF7) (tstamp 5D32FF4A)
    (at 92.075 109.5375)
    (fp_text reference REF** (at 0.0127 1.7399) (layer F.SilkS) hide
      (effects (font (size 1 1) (thickness 0.15)))
    )
    (fp_text value "Banana Jack" (at 0.02286 -6.69544) (layer F.Fab) hide
      (effects (font (size 1 1) (thickness 0.15)))
    )
    (fp_arc (start 0 0) (end -3.174999 2.697479) (angle -99.3) (layer Edge.Cuts) (width 0.15))
    (fp_arc (start 0 0) (end 3.174999 -2.697479) (angle -99.3) (layer Edge.Cuts) (width 0.15))
    (fp_line (start -3.175 -2.69748) (end -3.175 2.69748) (layer Edge.Cuts) (width 0.15))
    (fp_line (start 3.175 -2.69748) (end 3.175 2.69748) (layer Edge.Cuts) (width 0.15))
    (fp_circle (center 0 0) (end 5.8166 0) (layer Dwgs.User) (width 0.15))
  )

  (module "SynthComponents:Cinch Banana Jack (Panel)" (layer F.Cu) (tedit 5D265EF7) (tstamp 5D32FF42)
    (at 41.275 128.5875)
    (fp_text reference REF** (at 0.0127 1.7399) (layer F.SilkS) hide
      (effects (font (size 1 1) (thickness 0.15)))
    )
    (fp_text value "Banana Jack" (at 0.02286 -6.69544) (layer F.Fab) hide
      (effects (font (size 1 1) (thickness 0.15)))
    )
    (fp_circle (center 0 0) (end 5.8166 0) (layer Dwgs.User) (width 0.15))
    (fp_line (start 3.175 -2.69748) (end 3.175 2.69748) (layer Edge.Cuts) (width 0.15))
    (fp_line (start -3.175 -2.69748) (end -3.175 2.69748) (layer Edge.Cuts) (width 0.15))
    (fp_arc (start 0 0) (end 3.174999 -2.697479) (angle -99.3) (layer Edge.Cuts) (width 0.15))
    (fp_arc (start 0 0) (end -3.174999 2.697479) (angle -99.3) (layer Edge.Cuts) (width 0.15))
  )

  (module "SynthComponents:Cinch Banana Jack (Panel)" (layer F.Cu) (tedit 5D265EF7) (tstamp 5D32FF3A)
    (at 117.475 147.6375)
    (fp_text reference REF** (at 0.0127 1.7399) (layer F.SilkS) hide
      (effects (font (size 1 1) (thickness 0.15)))
    )
    (fp_text value "Banana Jack" (at 0.02286 -6.69544) (layer F.Fab) hide
      (effects (font (size 1 1) (thickness 0.15)))
    )
    (fp_circle (center 0 0) (end 5.8166 0) (layer Dwgs.User) (width 0.15))
    (fp_line (start 3.175 -2.69748) (end 3.175 2.69748) (layer Edge.Cuts) (width 0.15))
    (fp_line (start -3.175 -2.69748) (end -3.175 2.69748) (layer Edge.Cuts) (width 0.15))
    (fp_arc (start 0 0) (end 3.174999 -2.697479) (angle -99.3) (layer Edge.Cuts) (width 0.15))
    (fp_arc (start 0 0) (end -3.174999 2.697479) (angle -99.3) (layer Edge.Cuts) (width 0.15))
  )

  (module "SynthComponents:Cinch Banana Jack (Panel)" (layer F.Cu) (tedit 5D265EF7) (tstamp 5D32FF32)
    (at 66.675 128.5875)
    (fp_text reference REF** (at 0.0127 1.7399) (layer F.SilkS) hide
      (effects (font (size 1 1) (thickness 0.15)))
    )
    (fp_text value "Banana Jack" (at 0.02286 -6.69544) (layer F.Fab) hide
      (effects (font (size 1 1) (thickness 0.15)))
    )
    (fp_circle (center 0 0) (end 5.8166 0) (layer Dwgs.User) (width 0.15))
    (fp_line (start 3.175 -2.69748) (end 3.175 2.69748) (layer Edge.Cuts) (width 0.15))
    (fp_line (start -3.175 -2.69748) (end -3.175 2.69748) (layer Edge.Cuts) (width 0.15))
    (fp_arc (start 0 0) (end 3.174999 -2.697479) (angle -99.3) (layer Edge.Cuts) (width 0.15))
    (fp_arc (start 0 0) (end -3.174999 2.697479) (angle -99.3) (layer Edge.Cuts) (width 0.15))
  )

  (module "SynthComponents:Cinch Banana Jack (Panel)" (layer F.Cu) (tedit 5D265EF7) (tstamp 5D32FF2A)
    (at 92.075 166.6875)
    (fp_text reference REF** (at 0.0127 1.7399) (layer F.SilkS) hide
      (effects (font (size 1 1) (thickness 0.15)))
    )
    (fp_text value "Banana Jack" (at 0.02286 -6.69544) (layer F.Fab) hide
      (effects (font (size 1 1) (thickness 0.15)))
    )
    (fp_circle (center 0 0) (end 5.8166 0) (layer Dwgs.User) (width 0.15))
    (fp_line (start 3.175 -2.69748) (end 3.175 2.69748) (layer Edge.Cuts) (width 0.15))
    (fp_line (start -3.175 -2.69748) (end -3.175 2.69748) (layer Edge.Cuts) (width 0.15))
    (fp_arc (start 0 0) (end 3.174999 -2.697479) (angle -99.3) (layer Edge.Cuts) (width 0.15))
    (fp_arc (start 0 0) (end -3.174999 2.697479) (angle -99.3) (layer Edge.Cuts) (width 0.15))
  )

  (module "SynthComponents:Cinch Banana Jack (Panel)" (layer F.Cu) (tedit 5D265EF7) (tstamp 5D32FF22)
    (at 117.475 128.5875)
    (fp_text reference REF** (at 0.0127 1.7399) (layer F.SilkS) hide
      (effects (font (size 1 1) (thickness 0.15)))
    )
    (fp_text value "Banana Jack" (at 0.02286 -6.69544) (layer F.Fab) hide
      (effects (font (size 1 1) (thickness 0.15)))
    )
    (fp_circle (center 0 0) (end 5.8166 0) (layer Dwgs.User) (width 0.15))
    (fp_line (start 3.175 -2.69748) (end 3.175 2.69748) (layer Edge.Cuts) (width 0.15))
    (fp_line (start -3.175 -2.69748) (end -3.175 2.69748) (layer Edge.Cuts) (width 0.15))
    (fp_arc (start 0 0) (end 3.174999 -2.697479) (angle -99.3) (layer Edge.Cuts) (width 0.15))
    (fp_arc (start 0 0) (end -3.174999 2.697479) (angle -99.3) (layer Edge.Cuts) (width 0.15))
  )

  (module "SynthComponents:Cinch Banana Jack (Panel)" (layer F.Cu) (tedit 5D265EF7) (tstamp 5D32FDE8)
    (at 41.275 52.3875)
    (fp_text reference REF** (at 0.0127 1.7399) (layer F.SilkS) hide
      (effects (font (size 1 1) (thickness 0.15)))
    )
    (fp_text value "Banana Jack" (at 0.02286 -6.69544) (layer F.Fab) hide
      (effects (font (size 1 1) (thickness 0.15)))
    )
    (fp_arc (start 0 0) (end -3.174999 2.697479) (angle -99.3) (layer Edge.Cuts) (width 0.15))
    (fp_arc (start 0 0) (end 3.174999 -2.697479) (angle -99.3) (layer Edge.Cuts) (width 0.15))
    (fp_line (start -3.175 -2.69748) (end -3.175 2.69748) (layer Edge.Cuts) (width 0.15))
    (fp_line (start 3.175 -2.69748) (end 3.175 2.69748) (layer Edge.Cuts) (width 0.15))
    (fp_circle (center 0 0) (end 5.8166 0) (layer Dwgs.User) (width 0.15))
  )

  (module "SynthComponents:Cinch Banana Jack (Panel)" (layer F.Cu) (tedit 5D265EF7) (tstamp 5D32FDE8)
    (at 66.675 52.3875)
    (fp_text reference REF** (at 0.0127 1.7399) (layer F.SilkS) hide
      (effects (font (size 1 1) (thickness 0.15)))
    )
    (fp_text value "Banana Jack" (at 0.02286 -6.69544) (layer F.Fab) hide
      (effects (font (size 1 1) (thickness 0.15)))
    )
    (fp_arc (start 0 0) (end -3.174999 2.697479) (angle -99.3) (layer Edge.Cuts) (width 0.15))
    (fp_arc (start 0 0) (end 3.174999 -2.697479) (angle -99.3) (layer Edge.Cuts) (width 0.15))
    (fp_line (start -3.175 -2.69748) (end -3.175 2.69748) (layer Edge.Cuts) (width 0.15))
    (fp_line (start 3.175 -2.69748) (end 3.175 2.69748) (layer Edge.Cuts) (width 0.15))
    (fp_circle (center 0 0) (end 5.8166 0) (layer Dwgs.User) (width 0.15))
  )

  (module "SynthComponents:Cinch Banana Jack (Panel)" (layer F.Cu) (tedit 5D265EF7) (tstamp 5D32FDE8)
    (at 92.075 52.3875)
    (fp_text reference REF** (at 0.0127 1.7399) (layer F.SilkS) hide
      (effects (font (size 1 1) (thickness 0.15)))
    )
    (fp_text value "Banana Jack" (at 0.02286 -6.69544) (layer F.Fab) hide
      (effects (font (size 1 1) (thickness 0.15)))
    )
    (fp_arc (start 0 0) (end -3.174999 2.697479) (angle -99.3) (layer Edge.Cuts) (width 0.15))
    (fp_arc (start 0 0) (end 3.174999 -2.697479) (angle -99.3) (layer Edge.Cuts) (width 0.15))
    (fp_line (start -3.175 -2.69748) (end -3.175 2.69748) (layer Edge.Cuts) (width 0.15))
    (fp_line (start 3.175 -2.69748) (end 3.175 2.69748) (layer Edge.Cuts) (width 0.15))
    (fp_circle (center 0 0) (end 5.8166 0) (layer Dwgs.User) (width 0.15))
  )

  (module "SynthComponents:Cinch Banana Jack (Panel)" (layer F.Cu) (tedit 5D265EF7) (tstamp 5D32FDE8)
    (at 117.475 71.4375)
    (fp_text reference REF** (at 0.0127 1.7399) (layer F.SilkS) hide
      (effects (font (size 1 1) (thickness 0.15)))
    )
    (fp_text value "Banana Jack" (at 0.02286 -6.69544) (layer F.Fab) hide
      (effects (font (size 1 1) (thickness 0.15)))
    )
    (fp_arc (start 0 0) (end -3.174999 2.697479) (angle -99.3) (layer Edge.Cuts) (width 0.15))
    (fp_arc (start 0 0) (end 3.174999 -2.697479) (angle -99.3) (layer Edge.Cuts) (width 0.15))
    (fp_line (start -3.175 -2.69748) (end -3.175 2.69748) (layer Edge.Cuts) (width 0.15))
    (fp_line (start 3.175 -2.69748) (end 3.175 2.69748) (layer Edge.Cuts) (width 0.15))
    (fp_circle (center 0 0) (end 5.8166 0) (layer Dwgs.User) (width 0.15))
  )

  (module "SynthComponents:Cinch Banana Jack (Panel)" (layer F.Cu) (tedit 5D265EF7) (tstamp 5D32FDE8)
    (at 117.475 90.4875)
    (fp_text reference REF** (at 0.0127 1.7399) (layer F.SilkS) hide
      (effects (font (size 1 1) (thickness 0.15)))
    )
    (fp_text value "Banana Jack" (at 0.02286 -6.69544) (layer F.Fab) hide
      (effects (font (size 1 1) (thickness 0.15)))
    )
    (fp_arc (start 0 0) (end -3.174999 2.697479) (angle -99.3) (layer Edge.Cuts) (width 0.15))
    (fp_arc (start 0 0) (end 3.174999 -2.697479) (angle -99.3) (layer Edge.Cuts) (width 0.15))
    (fp_line (start -3.175 -2.69748) (end -3.175 2.69748) (layer Edge.Cuts) (width 0.15))
    (fp_line (start 3.175 -2.69748) (end 3.175 2.69748) (layer Edge.Cuts) (width 0.15))
    (fp_circle (center 0 0) (end 5.8166 0) (layer Dwgs.User) (width 0.15))
  )

  (module "SynthComponents:Cinch Banana Jack (Panel)" (layer F.Cu) (tedit 5D265EF7) (tstamp 5D32FDE8)
    (at 92.075 90.4875)
    (fp_text reference REF** (at 0.0127 1.7399) (layer F.SilkS) hide
      (effects (font (size 1 1) (thickness 0.15)))
    )
    (fp_text value "Banana Jack" (at 0.02286 -6.69544) (layer F.Fab) hide
      (effects (font (size 1 1) (thickness 0.15)))
    )
    (fp_arc (start 0 0) (end -3.174999 2.697479) (angle -99.3) (layer Edge.Cuts) (width 0.15))
    (fp_arc (start 0 0) (end 3.174999 -2.697479) (angle -99.3) (layer Edge.Cuts) (width 0.15))
    (fp_line (start -3.175 -2.69748) (end -3.175 2.69748) (layer Edge.Cuts) (width 0.15))
    (fp_line (start 3.175 -2.69748) (end 3.175 2.69748) (layer Edge.Cuts) (width 0.15))
    (fp_circle (center 0 0) (end 5.8166 0) (layer Dwgs.User) (width 0.15))
  )

  (module "SynthComponents:Cinch Banana Jack (Panel)" (layer F.Cu) (tedit 5D265EF7) (tstamp 5D32FDE8)
    (at 66.675 90.4875)
    (fp_text reference REF** (at 0.0127 1.7399) (layer F.SilkS) hide
      (effects (font (size 1 1) (thickness 0.15)))
    )
    (fp_text value "Banana Jack" (at 0.02286 -6.69544) (layer F.Fab) hide
      (effects (font (size 1 1) (thickness 0.15)))
    )
    (fp_arc (start 0 0) (end -3.174999 2.697479) (angle -99.3) (layer Edge.Cuts) (width 0.15))
    (fp_arc (start 0 0) (end 3.174999 -2.697479) (angle -99.3) (layer Edge.Cuts) (width 0.15))
    (fp_line (start -3.175 -2.69748) (end -3.175 2.69748) (layer Edge.Cuts) (width 0.15))
    (fp_line (start 3.175 -2.69748) (end 3.175 2.69748) (layer Edge.Cuts) (width 0.15))
    (fp_circle (center 0 0) (end 5.8166 0) (layer Dwgs.User) (width 0.15))
  )

  (module "SynthComponents:Cinch Banana Jack (Panel)" (layer F.Cu) (tedit 5D265EF7) (tstamp 5D32FDE8)
    (at 41.275 90.4875)
    (fp_text reference REF** (at 0.0127 1.7399) (layer F.SilkS) hide
      (effects (font (size 1 1) (thickness 0.15)))
    )
    (fp_text value "Banana Jack" (at 0.02286 -6.69544) (layer F.Fab) hide
      (effects (font (size 1 1) (thickness 0.15)))
    )
    (fp_arc (start 0 0) (end -3.174999 2.697479) (angle -99.3) (layer Edge.Cuts) (width 0.15))
    (fp_arc (start 0 0) (end 3.174999 -2.697479) (angle -99.3) (layer Edge.Cuts) (width 0.15))
    (fp_line (start -3.175 -2.69748) (end -3.175 2.69748) (layer Edge.Cuts) (width 0.15))
    (fp_line (start 3.175 -2.69748) (end 3.175 2.69748) (layer Edge.Cuts) (width 0.15))
    (fp_circle (center 0 0) (end 5.8166 0) (layer Dwgs.User) (width 0.15))
  )

  (module "SynthComponents:Cinch Banana Jack (Panel)" (layer F.Cu) (tedit 5D265EF7) (tstamp 5D32FDE8)
    (at 41.275 71.4375)
    (fp_text reference REF** (at 0.0127 1.7399) (layer F.SilkS) hide
      (effects (font (size 1 1) (thickness 0.15)))
    )
    (fp_text value "Banana Jack" (at 0.02286 -6.69544) (layer F.Fab) hide
      (effects (font (size 1 1) (thickness 0.15)))
    )
    (fp_arc (start 0 0) (end -3.174999 2.697479) (angle -99.3) (layer Edge.Cuts) (width 0.15))
    (fp_arc (start 0 0) (end 3.174999 -2.697479) (angle -99.3) (layer Edge.Cuts) (width 0.15))
    (fp_line (start -3.175 -2.69748) (end -3.175 2.69748) (layer Edge.Cuts) (width 0.15))
    (fp_line (start 3.175 -2.69748) (end 3.175 2.69748) (layer Edge.Cuts) (width 0.15))
    (fp_circle (center 0 0) (end 5.8166 0) (layer Dwgs.User) (width 0.15))
  )

  (module "SynthComponents:Cinch Banana Jack (Panel)" (layer F.Cu) (tedit 5D265EF7) (tstamp 5D32FDE8)
    (at 66.675 71.4375)
    (fp_text reference REF** (at 0.0127 1.7399) (layer F.SilkS) hide
      (effects (font (size 1 1) (thickness 0.15)))
    )
    (fp_text value "Banana Jack" (at 0.02286 -6.69544) (layer F.Fab) hide
      (effects (font (size 1 1) (thickness 0.15)))
    )
    (fp_arc (start 0 0) (end -3.174999 2.697479) (angle -99.3) (layer Edge.Cuts) (width 0.15))
    (fp_arc (start 0 0) (end 3.174999 -2.697479) (angle -99.3) (layer Edge.Cuts) (width 0.15))
    (fp_line (start -3.175 -2.69748) (end -3.175 2.69748) (layer Edge.Cuts) (width 0.15))
    (fp_line (start 3.175 -2.69748) (end 3.175 2.69748) (layer Edge.Cuts) (width 0.15))
    (fp_circle (center 0 0) (end 5.8166 0) (layer Dwgs.User) (width 0.15))
  )

  (module "SynthComponents:Cinch Banana Jack (Panel)" (layer F.Cu) (tedit 5D265EF7) (tstamp 5D32FDE8)
    (at 92.075 71.4375)
    (fp_text reference REF** (at 0.0127 1.7399) (layer F.SilkS) hide
      (effects (font (size 1 1) (thickness 0.15)))
    )
    (fp_text value "Banana Jack" (at 0.02286 -6.69544) (layer F.Fab) hide
      (effects (font (size 1 1) (thickness 0.15)))
    )
    (fp_arc (start 0 0) (end -3.174999 2.697479) (angle -99.3) (layer Edge.Cuts) (width 0.15))
    (fp_arc (start 0 0) (end 3.174999 -2.697479) (angle -99.3) (layer Edge.Cuts) (width 0.15))
    (fp_line (start -3.175 -2.69748) (end -3.175 2.69748) (layer Edge.Cuts) (width 0.15))
    (fp_line (start 3.175 -2.69748) (end 3.175 2.69748) (layer Edge.Cuts) (width 0.15))
    (fp_circle (center 0 0) (end 5.8166 0) (layer Dwgs.User) (width 0.15))
  )

  (module "SynthComponents:Cinch Banana Jack (Panel)" (layer F.Cu) (tedit 5D265EF7) (tstamp 5D32FDE8)
    (at 117.475 52.3875)
    (fp_text reference REF** (at 0.0127 1.7399) (layer F.SilkS) hide
      (effects (font (size 1 1) (thickness 0.15)))
    )
    (fp_text value "Banana Jack" (at 0.02286 -6.69544) (layer F.Fab) hide
      (effects (font (size 1 1) (thickness 0.15)))
    )
    (fp_arc (start 0 0) (end -3.174999 2.697479) (angle -99.3) (layer Edge.Cuts) (width 0.15))
    (fp_arc (start 0 0) (end 3.174999 -2.697479) (angle -99.3) (layer Edge.Cuts) (width 0.15))
    (fp_line (start -3.175 -2.69748) (end -3.175 2.69748) (layer Edge.Cuts) (width 0.15))
    (fp_line (start 3.175 -2.69748) (end 3.175 2.69748) (layer Edge.Cuts) (width 0.15))
    (fp_circle (center 0 0) (end 5.8166 0) (layer Dwgs.User) (width 0.15))
  )

  (module "SynthComponents:Cinch Banana Jack (Panel)" (layer F.Cu) (tedit 5D265EF7) (tstamp 5D32FDE8)
    (at 117.475 33.3375)
    (fp_text reference REF** (at 0.0127 1.7399) (layer F.SilkS) hide
      (effects (font (size 1 1) (thickness 0.15)))
    )
    (fp_text value "Banana Jack" (at 0.02286 -6.69544) (layer F.Fab) hide
      (effects (font (size 1 1) (thickness 0.15)))
    )
    (fp_arc (start 0 0) (end -3.174999 2.697479) (angle -99.3) (layer Edge.Cuts) (width 0.15))
    (fp_arc (start 0 0) (end 3.174999 -2.697479) (angle -99.3) (layer Edge.Cuts) (width 0.15))
    (fp_line (start -3.175 -2.69748) (end -3.175 2.69748) (layer Edge.Cuts) (width 0.15))
    (fp_line (start 3.175 -2.69748) (end 3.175 2.69748) (layer Edge.Cuts) (width 0.15))
    (fp_circle (center 0 0) (end 5.8166 0) (layer Dwgs.User) (width 0.15))
  )

  (module "SynthComponents:Cinch Banana Jack (Panel)" (layer F.Cu) (tedit 5D265EF7) (tstamp 5D32FBD1)
    (at 41.275 33.3375)
    (fp_text reference REF** (at 0.0127 1.7399) (layer F.SilkS) hide
      (effects (font (size 1 1) (thickness 0.15)))
    )
    (fp_text value "Banana Jack" (at 0.02286 -6.69544) (layer F.Fab) hide
      (effects (font (size 1 1) (thickness 0.15)))
    )
    (fp_circle (center 0 0) (end 5.8166 0) (layer Dwgs.User) (width 0.15))
    (fp_line (start 3.175 -2.69748) (end 3.175 2.69748) (layer Edge.Cuts) (width 0.15))
    (fp_line (start -3.175 -2.69748) (end -3.175 2.69748) (layer Edge.Cuts) (width 0.15))
    (fp_arc (start 0 0) (end 3.174999 -2.697479) (angle -99.3) (layer Edge.Cuts) (width 0.15))
    (fp_arc (start 0 0) (end -3.174999 2.697479) (angle -99.3) (layer Edge.Cuts) (width 0.15))
  )

  (module "SynthComponents:Cinch Banana Jack (Panel)" (layer F.Cu) (tedit 5D265EF7) (tstamp 5D32FDCA)
    (at 66.675 33.3375)
    (fp_text reference REF** (at 0.0127 1.7399) (layer F.SilkS) hide
      (effects (font (size 1 1) (thickness 0.15)))
    )
    (fp_text value "Banana Jack" (at 0.02286 -6.69544) (layer F.Fab) hide
      (effects (font (size 1 1) (thickness 0.15)))
    )
    (fp_circle (center 0 0) (end 5.8166 0) (layer Dwgs.User) (width 0.15))
    (fp_line (start 3.175 -2.69748) (end 3.175 2.69748) (layer Edge.Cuts) (width 0.15))
    (fp_line (start -3.175 -2.69748) (end -3.175 2.69748) (layer Edge.Cuts) (width 0.15))
    (fp_arc (start 0 0) (end 3.174999 -2.697479) (angle -99.3) (layer Edge.Cuts) (width 0.15))
    (fp_arc (start 0 0) (end -3.174999 2.697479) (angle -99.3) (layer Edge.Cuts) (width 0.15))
  )

  (module "SynthComponents:Cinch Banana Jack (Panel)" (layer F.Cu) (tedit 5D265EF7) (tstamp 5D32FDE4)
    (at 92.075 33.3375)
    (fp_text reference REF** (at 0.0127 1.7399) (layer F.SilkS) hide
      (effects (font (size 1 1) (thickness 0.15)))
    )
    (fp_text value "Banana Jack" (at 0.02286 -6.69544) (layer F.Fab) hide
      (effects (font (size 1 1) (thickness 0.15)))
    )
    (fp_circle (center 0 0) (end 5.8166 0) (layer Dwgs.User) (width 0.15))
    (fp_line (start 3.175 -2.69748) (end 3.175 2.69748) (layer Edge.Cuts) (width 0.15))
    (fp_line (start -3.175 -2.69748) (end -3.175 2.69748) (layer Edge.Cuts) (width 0.15))
    (fp_arc (start 0 0) (end 3.174999 -2.697479) (angle -99.3) (layer Edge.Cuts) (width 0.15))
    (fp_arc (start 0 0) (end -3.174999 2.697479) (angle -99.3) (layer Edge.Cuts) (width 0.15))
  )

  (gr_text "4mm\nhole" (at 30.48 23.114) (layer Dwgs.User)
    (effects (font (size 1.5 1.5) (thickness 0.3)))
  )
  (gr_line (start 32.766 183.896) (end 37.084 183.896) (layer Dwgs.User) (width 0.15) (tstamp 5D33017C))
  (gr_line (start 34.925 181.737) (end 34.925 186.055) (layer Dwgs.User) (width 0.15) (tstamp 5D33017B))
  (gr_line (start 121.666 183.896) (end 125.984 183.896) (layer Dwgs.User) (width 0.15) (tstamp 5D330147))
  (gr_line (start 123.825 181.737) (end 123.825 186.055) (layer Dwgs.User) (width 0.15) (tstamp 5D330146))
  (gr_circle (center 123.825 183.896) (end 125.825 183.896) (layer Edge.Cuts) (width 0.15) (tstamp 5D330145))
  (dimension 6.35 (width 0.3) (layer Dwgs.User)
    (gr_text "      0.2500 in" (at 40.073 15.875 270) (layer Dwgs.User)
      (effects (font (size 1.5 1.5) (thickness 0.3)))
    )
    (feature1 (pts (xy 34.925 19.05) (xy 38.559421 19.05)))
    (feature2 (pts (xy 34.925 12.7) (xy 38.559421 12.7)))
    (crossbar (pts (xy 37.973 12.7) (xy 37.973 19.05)))
    (arrow1a (pts (xy 37.973 19.05) (xy 37.386579 17.923496)))
    (arrow1b (pts (xy 37.973 19.05) (xy 38.559421 17.923496)))
    (arrow2a (pts (xy 37.973 12.7) (xy 37.386579 13.826504)))
    (arrow2b (pts (xy 37.973 12.7) (xy 38.559421 13.826504)))
  )
  (dimension 9.525 (width 0.3) (layer Dwgs.User)
    (gr_text "0.3750 in" (at 30.1625 14.156) (layer Dwgs.User)
      (effects (font (size 1.5 1.5) (thickness 0.3)))
    )
    (feature1 (pts (xy 34.925 19.05) (xy 34.925 15.669579)))
    (feature2 (pts (xy 25.4 19.05) (xy 25.4 15.669579)))
    (crossbar (pts (xy 25.4 16.256) (xy 34.925 16.256)))
    (arrow1a (pts (xy 34.925 16.256) (xy 33.798496 16.842421)))
    (arrow1b (pts (xy 34.925 16.256) (xy 33.798496 15.669579)))
    (arrow2a (pts (xy 25.4 16.256) (xy 26.526504 16.842421)))
    (arrow2b (pts (xy 25.4 16.256) (xy 26.526504 15.669579)))
  )
  (gr_line (start 121.666 19.05) (end 125.984 19.05) (layer Dwgs.User) (width 0.15) (tstamp 5D33011F))
  (gr_line (start 123.825 16.891) (end 123.825 21.209) (layer Dwgs.User) (width 0.15) (tstamp 5D33011E))
  (gr_line (start 32.766 19.05) (end 37.084 19.05) (layer Dwgs.User) (width 0.15))
  (gr_line (start 34.925 16.891) (end 34.925 21.209) (layer Dwgs.User) (width 0.15))
  (gr_circle (center 123.825 19.05) (end 125.825 19.05) (layer Edge.Cuts) (width 0.15) (tstamp 5D3300FD))
  (gr_circle (center 34.925 19.05) (end 36.925 19.05) (layer Edge.Cuts) (width 0.15) (tstamp 5D3300EB))
  (gr_circle (center 34.925 183.896) (end 36.925 183.896) (layer Edge.Cuts) (width 0.15))
  (gr_line (start 25.4 166.6875) (end 133.35 166.6875) (layer Dwgs.User) (width 0.15))
  (gr_line (start 25.4 147.6375) (end 133.35 147.6375) (layer Dwgs.User) (width 0.15))
  (gr_line (start 25.4 128.5875) (end 133.35 128.5875) (layer Dwgs.User) (width 0.15))
  (gr_line (start 25.4 109.5375) (end 133.35 109.5375) (layer Dwgs.User) (width 0.15))
  (gr_line (start 25.4 71.4375) (end 133.35 71.4375) (layer Dwgs.User) (width 0.15))
  (gr_line (start 25.4 90.4875) (end 133.35 90.4875) (layer Dwgs.User) (width 0.15))
  (gr_line (start 25.4 52.3875) (end 133.35 52.3875) (layer Dwgs.User) (width 0.15))
  (gr_line (start 25.4 33.3375) (end 133.35 33.3375) (layer Dwgs.User) (width 0.15))
  (gr_line (start 117.475 12.7) (end 117.475 190.246) (layer Dwgs.User) (width 0.15))
  (gr_line (start 92.075 12.7) (end 92.075 190.246) (layer Dwgs.User) (width 0.15))
  (gr_line (start 66.675 12.7) (end 66.675 190.246) (layer Dwgs.User) (width 0.15))
  (gr_line (start 41.275 12.7) (end 41.275 190.246) (layer Dwgs.User) (width 0.15))
  (dimension 23.5585 (width 0.3) (layer Dwgs.User)
    (gr_text "0.9275 in" (at 21.395 178.46675 90) (layer Dwgs.User)
      (effects (font (size 1.5 1.5) (thickness 0.3)))
    )
    (feature1 (pts (xy 25.4 166.6875) (xy 22.908579 166.6875)))
    (feature2 (pts (xy 25.4 190.246) (xy 22.908579 190.246)))
    (crossbar (pts (xy 23.495 190.246) (xy 23.495 166.6875)))
    (arrow1a (pts (xy 23.495 166.6875) (xy 24.081421 167.814004)))
    (arrow1b (pts (xy 23.495 166.6875) (xy 22.908579 167.814004)))
    (arrow2a (pts (xy 23.495 190.246) (xy 24.081421 189.119496)))
    (arrow2b (pts (xy 23.495 190.246) (xy 22.908579 189.119496)))
  )
  (dimension 19.05 (width 0.3) (layer Dwgs.User)
    (gr_text "0.7500 in" (at 21.395 157.1625 90) (layer Dwgs.User)
      (effects (font (size 1.5 1.5) (thickness 0.3)))
    )
    (feature1 (pts (xy 25.4 147.6375) (xy 22.908579 147.6375)))
    (feature2 (pts (xy 25.4 166.6875) (xy 22.908579 166.6875)))
    (crossbar (pts (xy 23.495 166.6875) (xy 23.495 147.6375)))
    (arrow1a (pts (xy 23.495 147.6375) (xy 24.081421 148.764004)))
    (arrow1b (pts (xy 23.495 147.6375) (xy 22.908579 148.764004)))
    (arrow2a (pts (xy 23.495 166.6875) (xy 24.081421 165.560996)))
    (arrow2b (pts (xy 23.495 166.6875) (xy 22.908579 165.560996)))
  )
  (dimension 19.05 (width 0.3) (layer Dwgs.User)
    (gr_text "0.7500 in" (at 21.395 138.1125 90) (layer Dwgs.User)
      (effects (font (size 1.5 1.5) (thickness 0.3)))
    )
    (feature1 (pts (xy 25.4 128.5875) (xy 22.908579 128.5875)))
    (feature2 (pts (xy 25.4 147.6375) (xy 22.908579 147.6375)))
    (crossbar (pts (xy 23.495 147.6375) (xy 23.495 128.5875)))
    (arrow1a (pts (xy 23.495 128.5875) (xy 24.081421 129.714004)))
    (arrow1b (pts (xy 23.495 128.5875) (xy 22.908579 129.714004)))
    (arrow2a (pts (xy 23.495 147.6375) (xy 24.081421 146.510996)))
    (arrow2b (pts (xy 23.495 147.6375) (xy 22.908579 146.510996)))
  )
  (dimension 19.05 (width 0.3) (layer Dwgs.User)
    (gr_text "0.7500 in" (at 21.395 119.0625 90) (layer Dwgs.User)
      (effects (font (size 1.5 1.5) (thickness 0.3)))
    )
    (feature1 (pts (xy 25.4 109.5375) (xy 22.908579 109.5375)))
    (feature2 (pts (xy 25.4 128.5875) (xy 22.908579 128.5875)))
    (crossbar (pts (xy 23.495 128.5875) (xy 23.495 109.5375)))
    (arrow1a (pts (xy 23.495 109.5375) (xy 24.081421 110.664004)))
    (arrow1b (pts (xy 23.495 109.5375) (xy 22.908579 110.664004)))
    (arrow2a (pts (xy 23.495 128.5875) (xy 24.081421 127.460996)))
    (arrow2b (pts (xy 23.495 128.5875) (xy 22.908579 127.460996)))
  )
  (dimension 19.05 (width 0.3) (layer Dwgs.User)
    (gr_text "0.7500 in" (at 21.395 100.0125 90) (layer Dwgs.User)
      (effects (font (size 1.5 1.5) (thickness 0.3)))
    )
    (feature1 (pts (xy 25.4 90.4875) (xy 22.908579 90.4875)))
    (feature2 (pts (xy 25.4 109.5375) (xy 22.908579 109.5375)))
    (crossbar (pts (xy 23.495 109.5375) (xy 23.495 90.4875)))
    (arrow1a (pts (xy 23.495 90.4875) (xy 24.081421 91.614004)))
    (arrow1b (pts (xy 23.495 90.4875) (xy 22.908579 91.614004)))
    (arrow2a (pts (xy 23.495 109.5375) (xy 24.081421 108.410996)))
    (arrow2b (pts (xy 23.495 109.5375) (xy 22.908579 108.410996)))
  )
  (dimension 19.05 (width 0.3) (layer Dwgs.User)
    (gr_text "0.7500 in" (at 21.395 80.9625 90) (layer Dwgs.User)
      (effects (font (size 1.5 1.5) (thickness 0.3)))
    )
    (feature1 (pts (xy 25.4 71.4375) (xy 22.908579 71.4375)))
    (feature2 (pts (xy 25.4 90.4875) (xy 22.908579 90.4875)))
    (crossbar (pts (xy 23.495 90.4875) (xy 23.495 71.4375)))
    (arrow1a (pts (xy 23.495 71.4375) (xy 24.081421 72.564004)))
    (arrow1b (pts (xy 23.495 71.4375) (xy 22.908579 72.564004)))
    (arrow2a (pts (xy 23.495 90.4875) (xy 24.081421 89.360996)))
    (arrow2b (pts (xy 23.495 90.4875) (xy 22.908579 89.360996)))
  )
  (gr_line (start 19.05 166.6875) (end 25.4 166.6875) (layer Dwgs.User) (width 0.15) (tstamp 5D32FC72))
  (gr_line (start 19.05 147.6375) (end 25.4 147.6375) (layer Dwgs.User) (width 0.15) (tstamp 5D32FC72))
  (gr_line (start 19.05 128.5875) (end 25.4 128.5875) (layer Dwgs.User) (width 0.15) (tstamp 5D32FC72))
  (gr_line (start 19.05 109.5375) (end 25.4 109.5375) (layer Dwgs.User) (width 0.15) (tstamp 5D32FC72))
  (gr_line (start 19.05 90.4875) (end 25.4 90.4875) (layer Dwgs.User) (width 0.15) (tstamp 5D32FC72))
  (dimension 19.05 (width 0.3) (layer Dwgs.User)
    (gr_text "0.7500 in" (at 21.395 61.9125 90) (layer Dwgs.User)
      (effects (font (size 1.5 1.5) (thickness 0.3)))
    )
    (feature1 (pts (xy 25.4 52.3875) (xy 22.908579 52.3875)))
    (feature2 (pts (xy 25.4 71.4375) (xy 22.908579 71.4375)))
    (crossbar (pts (xy 23.495 71.4375) (xy 23.495 52.3875)))
    (arrow1a (pts (xy 23.495 52.3875) (xy 24.081421 53.514004)))
    (arrow1b (pts (xy 23.495 52.3875) (xy 22.908579 53.514004)))
    (arrow2a (pts (xy 23.495 71.4375) (xy 24.081421 70.310996)))
    (arrow2b (pts (xy 23.495 71.4375) (xy 22.908579 70.310996)))
  )
  (gr_line (start 19.05 71.4375) (end 25.4 71.4375) (layer Dwgs.User) (width 0.15))
  (dimension 19.05 (width 0.3) (layer Dwgs.User)
    (gr_text "0.7500 in" (at 21.395 42.8625 90) (layer Dwgs.User)
      (effects (font (size 1.5 1.5) (thickness 0.3)))
    )
    (feature1 (pts (xy 25.4 33.3375) (xy 22.908579 33.3375)))
    (feature2 (pts (xy 25.4 52.3875) (xy 22.908579 52.3875)))
    (crossbar (pts (xy 23.495 52.3875) (xy 23.495 33.3375)))
    (arrow1a (pts (xy 23.495 33.3375) (xy 24.081421 34.464004)))
    (arrow1b (pts (xy 23.495 33.3375) (xy 22.908579 34.464004)))
    (arrow2a (pts (xy 23.495 52.3875) (xy 24.081421 51.260996)))
    (arrow2b (pts (xy 23.495 52.3875) (xy 22.908579 51.260996)))
  )
  (gr_line (start 19.05 52.3875) (end 25.4 52.3875) (layer Dwgs.User) (width 0.15) (tstamp 5D32FC72))
  (dimension 20.6375 (width 0.3) (layer Dwgs.User)
    (gr_text "0.8125 in" (at 21.395 23.01875 90) (layer Dwgs.User)
      (effects (font (size 1.5 1.5) (thickness 0.3)))
    )
    (feature1 (pts (xy 25.4 12.7) (xy 22.908579 12.7)))
    (feature2 (pts (xy 25.4 33.3375) (xy 22.908579 33.3375)))
    (crossbar (pts (xy 23.495 33.3375) (xy 23.495 12.7)))
    (arrow1a (pts (xy 23.495 12.7) (xy 24.081421 13.826504)))
    (arrow1b (pts (xy 23.495 12.7) (xy 22.908579 13.826504)))
    (arrow2a (pts (xy 23.495 33.3375) (xy 24.081421 32.210996)))
    (arrow2b (pts (xy 23.495 33.3375) (xy 22.908579 32.210996)))
  )
  (dimension 15.875 (width 0.3) (layer Dwgs.User)
    (gr_text "0.6250 in" (at 125.4125 8.695) (layer Dwgs.User)
      (effects (font (size 1.5 1.5) (thickness 0.3)))
    )
    (feature1 (pts (xy 133.35 12.7) (xy 133.35 10.208579)))
    (feature2 (pts (xy 117.475 12.7) (xy 117.475 10.208579)))
    (crossbar (pts (xy 117.475 10.795) (xy 133.35 10.795)))
    (arrow1a (pts (xy 133.35 10.795) (xy 132.223496 11.381421)))
    (arrow1b (pts (xy 133.35 10.795) (xy 132.223496 10.208579)))
    (arrow2a (pts (xy 117.475 10.795) (xy 118.601504 11.381421)))
    (arrow2b (pts (xy 117.475 10.795) (xy 118.601504 10.208579)))
  )
  (dimension 25.4 (width 0.3) (layer Dwgs.User)
    (gr_text "1.0000 in" (at 104.775 8.695) (layer Dwgs.User)
      (effects (font (size 1.5 1.5) (thickness 0.3)))
    )
    (feature1 (pts (xy 117.475 12.7) (xy 117.475 10.208579)))
    (feature2 (pts (xy 92.075 12.7) (xy 92.075 10.208579)))
    (crossbar (pts (xy 92.075 10.795) (xy 117.475 10.795)))
    (arrow1a (pts (xy 117.475 10.795) (xy 116.348496 11.381421)))
    (arrow1b (pts (xy 117.475 10.795) (xy 116.348496 10.208579)))
    (arrow2a (pts (xy 92.075 10.795) (xy 93.201504 11.381421)))
