(kicad_pcb (version 20171130) (host pcbnew "(5.0.1)-3")

  (general
    (thickness 1.6)
    (drawings 93)
    (tracks 0)
    (zones 0)
    (modules 138)
    (nets 88)
  )

  (page A4)
  (layers
    (0 F.Cu signal)
    (31 B.Cu signal)
    (32 B.Adhes user)
    (33 F.Adhes user)
    (34 B.Paste user)
    (35 F.Paste user)
    (36 B.SilkS user)
    (37 F.SilkS user)
    (38 B.Mask user)
    (39 F.Mask user)
    (40 Dwgs.User user)
    (41 Cmts.User user)
    (42 Eco1.User user)
    (43 Eco2.User user)
    (44 Edge.Cuts user)
    (45 Margin user)
    (46 B.CrtYd user)
    (47 F.CrtYd user)
    (48 B.Fab user)
    (49 F.Fab user)
  )

  (setup
    (last_trace_width 0.25)
    (trace_clearance 0.2)
    (zone_clearance 0.508)
    (zone_45_only no)
    (trace_min 0.2)
    (segment_width 0.15)
    (edge_width 0.15)
    (via_size 0.8)
    (via_drill 0.4)
    (via_min_size 0.4)
    (via_min_drill 0.3)
    (uvia_size 0.3)
    (uvia_drill 0.1)
    (uvias_allowed no)
    (uvia_min_size 0.2)
    (uvia_min_drill 0.1)
    (pcb_text_width 0.3)
    (pcb_text_size 1.5 1.5)
    (mod_edge_width 0.15)
    (mod_text_size 1 1)
    (mod_text_width 0.15)
    (pad_size 1.524 1.524)
    (pad_drill 0.762)
    (pad_to_mask_clearance 0.051)
    (solder_mask_min_width 0.25)
    (aux_axis_origin 0 0)
    (visible_elements 7FFFFFFF)
    (pcbplotparams
      (layerselection 0x010fc_ffffffff)
      (usegerberextensions false)
      (usegerberattributes false)
      (usegerberadvancedattributes false)
      (creategerberjobfile false)
      (excludeedgelayer true)
      (linewidth 0.100000)
      (plotframeref false)
      (viasonmask false)
      (mode 1)
      (useauxorigin false)
      (hpglpennumber 1)
      (hpglpenspeed 20)
      (hpglpendiameter 15.000000)
      (psnegative false)
      (psa4output false)
      (plotreference true)
      (plotvalue true)
      (plotinvisibletext false)
      (padsonsilk false)
      (subtractmaskfromsilk false)
      (outputformat 1)
      (mirror false)
      (drillshape 1)
      (scaleselection 1)
      (outputdirectory ""))
  )

  (net 0 "")
  (net 1 Ext.InB)
  (net 2 "Net-(C1-Pad1)")
  (net 3 GND)
  (net 4 "Net-(C2-Pad2)")
  (net 5 "Net-(C3-Pad2)")
  (net 6 "Net-(C4-Pad2)")
  (net 7 "Net-(C5-Pad1)")
  (net 8 VCA2In)
  (net 9 T1)
  (net 10 VCA4Out)
  (net 11 T2)
  (net 12 VCA3Out)
  (net 13 VCA2Out)
  (net 14 "Net-(C9-Pad2)")
  (net 15 OUT)
  (net 16 VCA1Out)
  (net 17 +12V)
  (net 18 -12V)
  (net 19 V+)
  (net 20 "Net-(C16-Pad1)")
  (net 21 "Net-(C16-Pad2)")
  (net 22 "Net-(C17-Pad2)")
  (net 23 "Net-(C17-Pad1)")
  (net 24 "Net-(C18-Pad2)")
  (net 25 "Net-(C18-Pad1)")
  (net 26 "Net-(D1-Pad1)")
  (net 27 "Net-(D1-Pad2)")
  (net 28 "Net-(D2-Pad1)")
  (net 29 "Net-(D2-Pad2)")
  (net 30 VCA4CV)
  (net 31 VCA3CV)
  (net 32 "Net-(D5-Pad1)")
  (net 33 "Net-(D5-Pad2)")
  (net 34 FCV)
  (net 35 "Net-(J5-Pad1)")
  (net 36 "Net-(J14-Pad1)")
  (net 37 "Net-(J15-Pad1)")
  (net 38 P9R3F)
  (net 39 "Net-(Q1-Pad2)")
  (net 40 "Net-(Q1-Pad1)")
  (net 41 P7R2B)
  (net 42 "Net-(R1-Pad2)")
  (net 43 P3R2B)
  (net 44 P5R2B)
  (net 45 P1R2B)
  (net 46 P4R2B)
  (net 47 P6R2B)
  (net 48 P2R2B)
  (net 49 "Net-(R15-Pad1)")
  (net 50 P1)
  (net 51 "Net-(R10-Pad1)")
  (net 52 RUN_CV)
  (net 53 PWM)
  (net 54 "Net-(R15-Pad2)")
  (net 55 "Net-(R17-Pad1)")
  (net 56 XOR)
  (net 57 "Net-(R21-Pad1)")
  (net 58 VCA4In)
  (net 59 VCA3In)
  (net 60 P9R2B)
  (net 61 P11R2B)
  (net 62 P8R2B)
  (net 63 P10R2B)
  (net 64 "Net-(R31-Pad1)")
  (net 65 P9R3B)
  (net 66 P2)
  (net 67 "Net-(R37-Pad2)")
  (net 68 "Net-(R37-Pad1)")
  (net 69 "Net-(R38-Pad1)")
  (net 70 "Net-(R38-Pad2)")
  (net 71 "Net-(R39-Pad1)")
  (net 72 "Net-(R40-Pad1)")
  (net 73 "Net-(R41-Pad1)")
  (net 74 VCA1In)
  (net 75 "Net-(SW1-Pad3)")
  (net 76 V-)
  (net 77 "Net-(U5-Pad1)")
  (net 78 "Net-(U6-Pad1)")
  (net 79 "Net-(U6-Pad4)")
  (net 80 "Net-(U6-Pad5)")
  (net 81 "Net-(U6-Pad6)")
  (net 82 "Net-(U6-Pad7)")
  (net 83 Vss)
  (net 84 "Net-(U6-Pad13)")
  (net 85 "Net-(U6-Pad14)")
  (net 86 "Net-(U6-Pad15)")
  (net 87 Vdd)

  (net_class Default "This is the default net class."
    (clearance 0.2)
    (trace_width 0.25)
    (via_dia 0.8)
    (via_drill 0.4)
    (uvia_dia 0.3)
    (uvia_drill 0.1)
    (add_net +12V)
    (add_net -12V)
    (add_net Ext.InB)
    (add_net FCV)
    (add_net GND)
    (add_net "Net-(C1-Pad1)")
    (add_net "Net-(C16-Pad1)")
    (add_net "Net-(C16-Pad2)")
    (add_net "Net-(C17-Pad1)")
    (add_net "Net-(C17-Pad2)")
    (add_net "Net-(C18-Pad1)")
    (add_net "Net-(C18-Pad2)")
    (add_net "Net-(C2-Pad2)")
    (add_net "Net-(C3-Pad2)")
    (add_net "Net-(C4-Pad2)")
    (add_net "Net-(C5-Pad1)")
    (add_net "Net-(C9-Pad2)")
    (add_net "Net-(D1-Pad1)")
    (add_net "Net-(D1-Pad2)")
    (add_net "Net-(D2-Pad1)")
    (add_net "Net-(D2-Pad2)")
    (add_net "Net-(D5-Pad1)")
    (add_net "Net-(D5-Pad2)")
    (add_net "Net-(J14-Pad1)")
    (add_net "Net-(J15-Pad1)")
    (add_net "Net-(J5-Pad1)")
    (add_net "Net-(Q1-Pad1)")
    (add_net "Net-(Q1-Pad2)")
    (add_net "Net-(R1-Pad2)")
    (add_net "Net-(R10-Pad1)")
    (add_net "Net-(R15-Pad1)")
    (add_net "Net-(R15-Pad2)")
    (add_net "Net-(R17-Pad1)")
    (add_net "Net-(R21-Pad1)")
    (add_net "Net-(R31-Pad1)")
    (add_net "Net-(R37-Pad1)")
    (add_net "Net-(R37-Pad2)")
    (add_net "Net-(R38-Pad1)")
    (add_net "Net-(R38-Pad2)")
    (add_net "Net-(R39-Pad1)")
    (add_net "Net-(R40-Pad1)")
    (add_net "Net-(R41-Pad1)")
    (add_net "Net-(SW1-Pad3)")
    (add_net "Net-(U5-Pad1)")
    (add_net "Net-(U6-Pad1)")
    (add_net "Net-(U6-Pad13)")
    (add_net "Net-(U6-Pad14)")
    (add_net "Net-(U6-Pad15)")
    (add_net "Net-(U6-Pad4)")
    (add_net "Net-(U6-Pad5)")
    (add_net "Net-(U6-Pad6)")
    (add_net "Net-(U6-Pad7)")
    (add_net OUT)
    (add_net P1)
    (add_net P10R2B)
    (add_net P11R2B)
    (add_net P1R2B)
    (add_net P2)
    (add_net P2R2B)
    (add_net P3R2B)
    (add_net P4R2B)
    (add_net P5R2B)
    (add_net P6R2B)
    (add_net P7R2B)
    (add_net P8R2B)
    (add_net P9R2B)
    (add_net P9R3B)
    (add_net P9R3F)
    (add_net PWM)
    (add_net RUN_CV)
    (add_net T1)
    (add_net T2)
    (add_net V+)
    (add_net V-)
    (add_net VCA1In)
    (add_net VCA1Out)
    (add_net VCA2In)
    (add_net VCA2Out)
    (add_net VCA3CV)
    (add_net VCA3In)
    (add_net VCA3Out)
    (add_net VCA4CV)
    (add_net VCA4In)
    (add_net VCA4Out)
    (add_net Vdd)
    (add_net Vss)
    (add_net XOR)
  )

  (module "SynthComponents:Cinch Banana Jack (Panel)" (layer F.Cu) (tedit 5D265EF7) (tstamp 5D32FF9A)
    (at 92.075 128.5875)
    (fp_text reference REF** (at 0.0127 1.7399) (layer F.SilkS) hide
      (effects (font (size 1 1) (thickness 0.15)))
    )
    (fp_text value "Banana Jack" (at 0.02286 -6.69544) (layer F.Fab) hide
      (effects (font (size 1 1) (thickness 0.15)))
    )
    (fp_circle (center 0 0) (end 5.8166 0) (layer Dwgs.User) (width 0.15))
    (fp_line (start 3.175 -2.69748) (end 3.175 2.69748) (layer Edge.Cuts) (width 0.15))
    (fp_line (start -3.175 -2.69748) (end -3.175 2.69748) (layer Edge.Cuts) (width 0.15))
    (fp_arc (start 0 0) (end 3.174999 -2.697479) (angle -99.3) (layer Edge.Cuts) (width 0.15))
    (fp_arc (start 0 0) (end -3.174999 2.697479) (angle -99.3) (layer Edge.Cuts) (width 0.15))
  )

  (module "SynthComponents:Cinch Banana Jack (Panel)" (layer F.Cu) (tedit 5D265EF7) (tstamp 5D32FF92)
    (at 66.675 166.6875)
    (fp_text reference REF** (at 0.0127 1.7399) (layer F.SilkS) hide
      (effects (font (size 1 1) (thickness 0.15)))
    )
    (fp_text value "Banana Jack" (at 0.02286 -6.69544) (layer F.Fab) hide
      (effects (font (size 1 1) (thickness 0.15)))
    )
    (fp_circle (center 0 0) (end 5.8166 0) (layer Dwgs.User) (width 0.15))
    (fp_line (start 3.175 -2.69748) (end 3.175 2.69748) (layer Edge.Cuts) (width 0.15))
    (fp_line (start -3.175 -2.69748) (end -3.175 2.69748) (layer Edge.Cuts) (width 0.15))
    (fp_arc (start 0 0) (end 3.174999 -2.697479) (angle -99.3) (layer Edge.Cuts) (width 0.15))
    (fp_arc (start 0 0) (end -3.174999 2.697479) (angle -99.3) (layer Edge.Cuts) (width 0.15))
  )

  (module "SynthComponents:Cinch Banana Jack (Panel)" (layer F.Cu) (tedit 5D265EF7) (tstamp 5D32FF8A)
    (at 41.275 166.6875)
    (fp_text reference REF** (at 0.0127 1.7399) (layer F.SilkS) hide
      (effects (font (size 1 1) (thickness 0.15)))
    )
    (fp_text value "Banana Jack" (at 0.02286 -6.69544) (layer F.Fab) hide
      (effects (font (size 1 1) (thickness 0.15)))
    )
    (fp_circle (center 0 0) (end 5.8166 0) (layer Dwgs.User) (width 0.15))
    (fp_line (start 3.175 -2.69748) (end 3.175 2.69748) (layer Edge.Cuts) (width 0.15))
    (fp_line (start -3.175 -2.69748) (end -3.175 2.69748) (layer Edge.Cuts) (width 0.15))
    (fp_arc (start 0 0) (end 3.174999 -2.697479) (angle -99.3) (layer Edge.Cuts) (width 0.15))
    (fp_arc (start 0 0) (end -3.174999 2.697479) (angle -99.3) (layer Edge.Cuts) (width 0.15))
  )

  (module "SynthComponents:Cinch Banana Jack (Panel)" (layer F.Cu) (tedit 5D265EF7) (tstamp 5D32FF82)
    (at 41.275 147.6375)
    (fp_text reference REF** (at 0.0127 1.7399) (layer F.SilkS) hide
      (effects (font (size 1 1) (thickness 0.15)))
    )
    (fp_text value "Banana Jack" (at 0.02286 -6.69544) (layer F.Fab) hide
      (effects (font (size 1 1) (thickness 0.15)))
    )
    (fp_circle (center 0 0) (end 5.8166 0) (layer Dwgs.User) (width 0.15))
    (fp_line (start 3.175 -2.69748) (end 3.175 2.69748) (layer Edge.Cuts) (width 0.15))
    (fp_line (start -3.175 -2.69748) (end -3.175 2.69748) (layer Edge.Cuts) (width 0.15))
    (fp_arc (start 0 0) (end 3.174999 -2.697479) (angle -99.3) (layer Edge.Cuts) (width 0.15))
    (fp_arc (start 0 0) (end -3.174999 2.697479) (angle -99.3) (layer Edge.Cuts) (width 0.15))
  )

  (module "SynthComponents:Cinch Banana Jack (Panel)" (layer F.Cu) (tedit 5D265EF7) (tstamp 5D32FF7A)
    (at 66.675 147.6375)
    (fp_text reference REF** (at 0.0127 1.7399) (layer F.SilkS) hide
      (effects (font (size 1 1) (thickness 0.15)))
    )
    (fp_text value "Banana Jack" (at 0.02286 -6.69544) (layer F.Fab) hide
      (effects (font (size 1 1) (thickness 0.15)))
    )
    (fp_circle (center 0 0) (end 5.8166 0) (layer Dwgs.User) (width 0.15))
    (fp_line (start 3.175 -2.69748) (end 3.175 2.69748) (layer Edge.Cuts) (width 0.15))
    (fp_line (start -3.175 -2.69748) (end -3.175 2.69748) (layer Edge.Cuts) (width 0.15))
    (fp_arc (start 0 0) (end 3.174999 -2.697479) (angle -99.3) (layer Edge.Cuts) (width 0.15))
    (fp_arc (start 0 0) (end -3.174999 2.697479) (angle -99.3) (layer Edge.Cuts) (width 0.15))
  )

  (module "SynthComponents:Cinch Banana Jack (Panel)" (layer F.Cu) (tedit 5D265EF7) (tstamp 5D32FF72)
    (at 92.075 147.6375)
    (fp_text reference REF** (at 0.0127 1.7399) (layer F.SilkS) hide
      (effects (font (size 1 1) (thickness 0.15)))
    )
    (fp_text value "Banana Jack" (at 0.02286 -6.69544) (layer F.Fab) hide
      (effects (font (size 1 1) (thickness 0.15)))
    )
    (fp_circle (center 0 0) (end 5.8166 0) (layer Dwgs.User) (width 0.15))
    (fp_line (start 3.175 -2.69748) (end 3.175 2.69748) (layer Edge.Cuts) (width 0.15))
    (fp_line (start -3.175 -2.69748) (end -3.175 2.69748) (layer Edge.Cuts) (width 0.15))
    (fp_arc (start 0 0) (end 3.174999 -2.697479) (angle -99.3) (layer Edge.Cuts) (width 0.15))
    (fp_arc (start 0 0) (end -3.174999 2.697479) (angle -99.3) (layer Edge.Cuts) (width 0.15))
  )

  (module "SynthComponents:Cinch Banana Jack (Panel)" (layer F.Cu) (tedit 5D265EF7) (tstamp 5D32FF6A)
    (at 66.675 109.5375)
    (fp_text reference REF** (at 0.0127 1.7399) (layer F.SilkS) hide
      (effects (font (size 1 1) (thickness 0.15)))
    )
    (fp_text value "Banana Jack" (at 0.02286 -6.69544) (layer F.Fab) hide
      (effects (font (size 1 1) (thickness 0.15)))
    )
    (fp_arc (start 0 0) (end -3.174999 2.697479) (angle -99.3) (layer Edge.Cuts) (width 0.15))
    (fp_arc (start 0 0) (end 3.174999 -2.697479) (angle -99.3) (layer Edge.Cuts) (width 0.15))
    (fp_line (start -3.175 -2.69748) (end -3.175 2.69748) (layer Edge.Cuts) (width 0.15))
    (fp_line (start 3.175 -2.69748) (end 3.175 2.69748) (layer Edge.Cuts) (width 0.15))
    (fp_circle (center 0 0) (end 5.8166 0) (layer Dwgs.User) (width 0.15))
  )

  (module "SynthComponents:Cinch Banana Jack (Panel)" (layer F.Cu) (tedit 5D265EF7) (tstamp 5D32FF62)
    (at 41.275 109.5375)
    (fp_text reference REF** (at 0.0127 1.7399) (layer F.SilkS) hide
      (effects (font (size 1 1) (thickness 0.15)))
    )
    (fp_text value "Banana Jack" (at 0.02286 -6.69544) (layer F.Fab) hide
      (effects (font (size 1 1) (thickness 0.15)))
    )
    (fp_arc (start 0 0) (end -3.174999 2.697479) (angle -99.3) (layer Edge.Cuts) (width 0.15))
    (fp_arc (start 0 0) (end 3.174999 -2.697479) (angle -99.3) (layer Edge.Cuts) (width 0.15))
    (fp_line (start -3.175 -2.69748) (end -3.175 2.69748) (layer Edge.Cuts) (width 0.15))
    (fp_line (start 3.175 -2.69748) (end 3.175 2.69748) (layer Edge.Cuts) (width 0.15))
    (fp_circle (center 0 0) (end 5.8166 0) (layer Dwgs.User) (width 0.15))
  )

  (module "SynthComponents:Cinch Banana Jack (Panel)" (layer F.Cu) (tedit 5D265EF7) (tstamp 5D32FF5A)
    (at 117.475 166.6875)
    (fp_text reference REF** (at 0.0127 1.7399) (layer F.SilkS) hide
      (effects (font (size 1 1) (thickness 0.15)))
    )
    (fp_text value "Banana Jack" (at 0.02286 -6.69544) (layer F.Fab) hide
      (effects (font (size 1 1) (thickness 0.15)))
    )
    (fp_circle (center 0 0) (end 5.8166 0) (layer Dwgs.User) (width 0.15))
    (fp_line (start 3.175 -2.69748) (end 3.175 2.69748) (layer Edge.Cuts) (width 0.15))
    (fp_line (start -3.175 -2.69748) (end -3.175 2.69748) (layer Edge.Cuts) (width 0.15))
    (fp_arc (start 0 0) (end 3.174999 -2.697479) (angle -99.3) (layer Edge.Cuts) (width 0.15))
    (fp_arc (start 0 0) (end -3.174999 2.697479) (angle -99.3) (layer Edge.Cuts) (width 0.15))
  )

  (module "SynthComponents:Cinch Banana Jack (Panel)" (layer F.Cu) (tedit 5D265EF7) (tstamp 5D32FF52)
    (at 117.475 109.5375)
    (fp_text reference REF** (at 0.0127 1.7399) (layer F.SilkS) hide
      (effects (font (size 1 1) (thickness 0.15)))
    )
    (fp_text value "Banana Jack" (at 0.02286 -6.69544) (layer F.Fab) hide
      (effects (font (size 1 1) (thickness 0.15)))
    )
    (fp_circle (center 0 0) (end 5.8166 0) (layer Dwgs.User) (width 0.15))
    (fp_line (start 3.175 -2.69748) (end 3.175 2.69748) (layer Edge.Cuts) (width 0.15))
    (fp_line (start -3.175 -2.69748) (end -3.175 2.69748) (layer Edge.Cuts) (width 0.15))
    (fp_arc (start 0 0) (end 3.174999 -2.697479) (angle -99.3) (layer Edge.Cuts) (width 0.15))
    (fp_arc (start 0 0) (end -3.174999 2.697479) (angle -99.3) (layer Edge.Cuts) (width 0.15))
  )

  (module "SynthComponents:Cinch Banana Jack (Panel)" (layer F.Cu) (tedit 5D265EF7) (tstamp 5D32FF4A)
    (at 92.075 109.5375)
    (fp_text reference REF** (at 0.0127 1.7399) (layer F.SilkS) hide
      (effects (font (size 1 1) (thickness 0.15)))
    )
    (fp_text value "Banana Jack" (at 0.02286 -6.69544) (layer F.Fab) hide
      (effects (font (size 1 1) (thickness 0.15)))
    )
    (fp_arc (start 0 0) (end -3.174999 2.697479) (angle -99.3) (layer Edge.Cuts) (width 0.15))
    (fp_arc (start 0 0) (end 3.174999 -2.697479) (angle -99.3) (layer Edge.Cuts) (width 0.15))
    (fp_line (start -3.175 -2.69748) (end -3.175 2.69748) (layer Edge.Cuts) (width 0.15))
    (fp_line (start 3.175 -2.69748) (end 3.175 2.69748) (layer Edge.Cuts) (width 0.15))
    (fp_circle (center 0 0) (end 5.8166 0) (layer Dwgs.User) (width 0.15))
  )

  (module "SynthComponents:Cinch Banana Jack (Panel)" (layer F.Cu) (tedit 5D265EF7) (tstamp 5D32FF42)
    (at 41.275 128.5875)
    (fp_text reference REF** (at 0.0127 1.7399) (layer F.SilkS) hide
      (effects (font (size 1 1) (thickness 0.15)))
    )
    (fp_text value "Banana Jack" (at 0.02286 -6.69544) (layer F.Fab) hide
      (effects (font (size 1 1) (thickness 0.15)))
    )
    (fp_circle (center 0 0) (end 5.8166 0) (layer Dwgs.User) (width 0.15))
    (fp_line (start 3.175 -2.69748) (end 3.175 2.69748) (layer Edge.Cuts) (width 0.15))
    (fp_line (start -3.175 -2.69748) (end -3.175 2.69748) (layer Edge.Cuts) (width 0.15))
    (fp_arc (start 0 0) (end 3.174999 -2.697479) (angle -99.3) (layer Edge.Cuts) (width 0.15))
    (fp_arc (start 0 0) (end -3.174999 2.697479) (angle -99.3) (layer Edge.Cuts) (width 0.15))
  )

  (module "SynthComponents:Cinch Banana Jack (Panel)" (layer F.Cu) (tedit 5D265EF7) (tstamp 5D32FF3A)
    (at 117.475 147.6375)
    (fp_text reference REF** (at 0.0127 1.7399) (layer F.SilkS) hide
      (effects (font (size 1 1) (thickness 0.15)))
    )
    (fp_text value "Banana Jack" (at 0.02286 -6.69544) (layer F.Fab) hide
      (effects (font (size 1 1) (thickness 0.15)))
    )
    (fp_circle (center 0 0) (end 5.8166 0) (layer Dwgs.User) (width 0.15))
    (fp_line (start 3.175 -2.69748) (end 3.175 2.69748) (layer Edge.Cuts) (width 0.15))
    (fp_line (start -3.175 -2.69748) (end -3.175 2.69748) (layer Edge.Cuts) (width 0.15))
    (fp_arc (start 0 0) (end 3.174999 -2.697479) (angle -99.3) (layer Edge.Cuts) (width 0.15))
    (fp_arc (start 0 0) (end -3.174999 2.697479) (angle -99.3) (layer Edge.Cuts) (width 0.15))
  )

  (module "SynthComponents:Cinch Banana Jack (Panel)" (layer F.Cu) (tedit 5D265EF7) (tstamp 5D32FF32)
    (at 66.675 128.5875)
    (fp_text reference REF** (at 0.0127 1.7399) (layer F.SilkS) hide
      (effects (font (size 1 1) (thickness 0.15)))
    )
    (fp_text value "Banana Jack" (at 0.02286 -6.69544) (layer F.Fab) hide
      (effects (font (size 1 1) (thickness 0.15)))
    )
    (fp_circle (center 0 0) (end 5.8166 0) (layer Dwgs.User) (width 0.15))
    (fp_line (start 3.175 -2.69748) (end 3.175 2.69748) (layer Edge.Cuts) (width 0.15))
    (fp_line (start -3.175 -2.69748) (end -3.175 2.69748) (layer Edge.Cuts) (width 0.15))
    (fp_arc (start 0 0) (end 3.174999 -2.697479) (angle -99.3) (layer Edge.Cuts) (width 0.15))
    (fp_arc (start 0 0) (end -3.174999 2.697479) (angle -99.3) (layer Edge.Cuts) (width 0.15))
  )

  (module "SynthComponents:Cinch Banana Jack (Panel)" (layer F.Cu) (tedit 5D265EF7) (tstamp 5D32FF2A)
    (at 92.075 166.6875)
    (fp_text reference REF** (at 0.0127 1.7399) (layer F.SilkS) hide
      (effects (font (size 1 1) (thickness 0.15)))
    )
    (fp_text value "Banana Jack" (at 0.02286 -6.69544) (layer F.Fab) hide
      (effects (font (size 1 1) (thickness 0.15)))
    )
    (fp_circle (center 0 0) (end 5.8166 0) (layer Dwgs.User) (width 0.15))
    (fp_line (start 3.175 -2.69748) (end 3.175 2.69748) (layer Edge.Cuts) (width 0.15))
    (fp_line (start -3.175 -2.69748) (end -3.175 2.69748) (layer Edge.Cuts) (width 0.15))
    (fp_arc (start 0 0) (end 3.174999 -2.697479) (angle -99.3) (layer Edge.Cuts) (width 0.15))
    (fp_arc (start 0 0) (end -3.174999 2.697479) (angle -99.3) (layer Edge.Cuts) (width 0.15))
  )

  (module "SynthComponents:Cinch Banana Jack (Panel)" (layer F.Cu) (tedit 5D265EF7) (tstamp 5D32FF22)
    (at 117.475 128.5875)
    (fp_text reference REF** (at 0.0127 1.7399) (layer F.SilkS) hide
      (effects (font (size 1 1) (thickness 0.15)))
    )
    (fp_text value "Banana Jack" (at 0.02286 -6.69544) (layer F.Fab) hide
      (effects (font (size 1 1) (thickness 0.15)))
    )
    (fp_circle (center 0 0) (end 5.8166 0) (layer Dwgs.User) (width 0.15))
    (fp_line (start 3.175 -2.69748) (end 3.175 2.69748) (layer Edge.Cuts) (width 0.15))
    (fp_line (start -3.175 -2.69748) (end -3.175 2.69748) (layer Edge.Cuts) (width 0.15))
    (fp_arc (start 0 0) (end 3.174999 -2.697479) (angle -99.3) (layer Edge.Cuts) (width 0.15))
    (fp_arc (start 0 0) (end -3.174999 2.697479) (angle -99.3) (layer Edge.Cuts) (width 0.15))
  )

  (module "SynthComponents:Cinch Banana Jack (Panel)" (layer F.Cu) (tedit 5D265EF7) (tstamp 5D32FDE8)
    (at 41.275 52.3875)
    (fp_text reference REF** (at 0.0127 1.7399) (layer F.SilkS) hide
      (effects (font (size 1 1) (thickness 0.15)))
    )
    (fp_text value "Banana Jack" (at 0.02286 -6.69544) (layer F.Fab) hide
      (effects (font (size 1 1) (thickness 0.15)))
    )
    (fp_arc (start 0 0) (end -3.174999 2.697479) (angle -99.3) (layer Edge.Cuts) (width 0.15))
    (fp_arc (start 0 0) (end 3.174999 -2.697479) (angle -99.3) (layer Edge.Cuts) (width 0.15))
    (fp_line (start -3.175 -2.69748) (end -3.175 2.69748) (layer Edge.Cuts) (width 0.15))
    (fp_line (start 3.175 -2.69748) (end 3.175 2.69748) (layer Edge.Cuts) (width 0.15))
    (fp_circle (center 0 0) (end 5.8166 0) (layer Dwgs.User) (width 0.15))
  )

  (module "SynthComponents:Cinch Banana Jack (Panel)" (layer F.Cu) (tedit 5D265EF7) (tstamp 5D32FDE8)
    (at 66.675 52.3875)
    (fp_text reference REF** (at 0.0127 1.7399) (layer F.SilkS) hide
      (effects (font (size 1 1) (thickness 0.15)))
    )
    (fp_text value "Banana Jack" (at 0.02286 -6.69544) (layer F.Fab) hide
      (effects (font (size 1 1) (thickness 0.15)))
    )
    (fp_arc (start 0 0) (end -3.174999 2.697479) (angle -99.3) (layer Edge.Cuts) (width 0.15))
    (fp_arc (start 0 0) (end 3.174999 -2.697479) (angle -99.3) (layer Edge.Cuts) (width 0.15))
    (fp_line (start -3.175 -2.69748) (end -3.175 2.69748) (layer Edge.Cuts) (width 0.15))
    (fp_line (start 3.175 -2.69748) (end 3.175 2.69748) (layer Edge.Cuts) (width 0.15))
    (fp_circle (center 0 0) (end 5.8166 0) (layer Dwgs.User) (width 0.15))
  )

  (module "SynthComponents:Cinch Banana Jack (Panel)" (layer F.Cu) (tedit 5D265EF7) (tstamp 5D32FDE8)
    (at 92.075 52.3875)
    (fp_text reference REF** (at 0.0127 1.7399) (layer F.SilkS) hide
      (effects (font (size 1 1) (thickness 0.15)))
    )
    (fp_text value "Banana Jack" (at 0.02286 -6.69544) (layer F.Fab) hide
      (effects (font (size 1 1) (thickness 0.15)))
    )
    (fp_arc (start 0 0) (end -3.174999 2.697479) (angle -99.3) (layer Edge.Cuts) (width 0.15))
    (fp_arc (start 0 0) (end 3.174999 -2.697479) (angle -99.3) (layer Edge.Cuts) (width 0.15))
    (fp_line (start -3.175 -2.69748) (end -3.175 2.69748) (layer Edge.Cuts) (width 0.15))
    (fp_line (start 3.175 -2.69748) (end 3.175 2.69748) (layer Edge.Cuts) (width 0.15))
    (fp_circle (center 0 0) (end 5.8166 0) (layer Dwgs.User) (width 0.15))
  )

  (module "SynthComponents:Cinch Banana Jack (Panel)" (layer F.Cu) (tedit 5D265EF7) (tstamp 5D32FDE8)
    (at 117.475 71.4375)
    (fp_text reference REF** (at 0.0127 1.7399) (layer F.SilkS) hide
      (effects (font (size 1 1) (thickness 0.15)))
    )
    (fp_text value "Banana Jack" (at 0.02286 -6.69544) (layer F.Fab) hide
      (effects (font (size 1 1) (thickness 0.15)))
    )
    (fp_arc (start 0 0) (end -3.174999 2.697479) (angle -99.3) (layer Edge.Cuts) (width 0.15))
    (fp_arc (start 0 0) (end 3.174999 -2.697479) (angle -99.3) (layer Edge.Cuts) (width 0.15))
    (fp_line (start -3.175 -2.69748) (end -3.175 2.69748) (layer Edge.Cuts) (width 0.15))
    (fp_line (start 3.175 -2.69748) (end 3.175 2.69748) (layer Edge.Cuts) (width 0.15))
    (fp_circle (center 0 0) (end 5.8166 0) (layer Dwgs.User) (width 0.15))
  )

  (module "SynthComponents:Cinch Banana Jack (Panel)" (layer F.Cu) (tedit 5D265EF7) (tstamp 5D32FDE8)
    (at 117.475 90.4875)
    (fp_text reference REF** (at 0.0127 1.7399) (layer F.SilkS) hide
      (effects (font (size 1 1) (thickness 0.15)))
    )
    (fp_text value "Banana Jack" (at 0.02286 -6.69544) (layer F.Fab) hide
      (effects (font (size 1 1) (thickness 0.15)))
    )
    (fp_arc (start 0 0) (end -3.174999 2.697479) (angle -99.3) (layer Edge.Cuts) (width 0.15))
    (fp_arc (start 0 0) (end 3.174999 -2.697479) (angle -99.3) (layer Edge.Cuts) (width 0.15))
    (fp_line (start -3.175 -2.69748) (end -3.175 2.69748) (layer Edge.Cuts) (width 0.15))
    (fp_line (start 3.175 -2.69748) (end 3.175 2.69748) (layer Edge.Cuts) (width 0.15))
    (fp_circle (center 0 0) (end 5.8166 0) (layer Dwgs.User) (width 0.15))
  )

  (module "SynthComponents:Cinch Banana Jack (Panel)" (layer F.Cu) (tedit 5D265EF7) (tstamp 5D32FDE8)
    (at 92.075 90.4875)
    (fp_text reference REF** (at 0.0127 1.7399) (layer F.SilkS) hide
      (effects (font (size 1 1) (thickness 0.15)))
    )
    (fp_text value "Banana Jack" (at 0.02286 -6.69544) (layer F.Fab) hide
      (effects (font (size 1 1) (thickness 0.15)))
    )
    (fp_arc (start 0 0) (end -3.174999 2.697479) (angle -99.3) (layer Edge.Cuts) (width 0.15))
    (fp_arc (start 0 0) (end 3.174999 -2.697479) (angle -99.3) (layer Edge.Cuts) (width 0.15))
    (fp_line (start -3.175 -2.69748) (end -3.175 2.69748) (layer Edge.Cuts) (width 0.15))
    (fp_line (start 3.175 -2.69748) (end 3.175 2.69748) (layer Edge.Cuts) (width 0.15))
    (fp_circle (center 0 0) (end 5.8166 0) (layer Dwgs.User) (width 0.15))
  )

  (module "SynthComponents:Cinch Banana Jack (Panel)" (layer F.Cu) (tedit 5D265EF7) (tstamp 5D32FDE8)
    (at 66.675 90.4875)
    (fp_text reference REF** (at 0.0127 1.7399) (layer F.SilkS) hide
      (effects (font (size 1 1) (thickness 0.15)))
    )
    (fp_text value "Banana Jack" (at 0.02286 -6.69544) (layer F.Fab) hide
      (effects (font (size 1 1) (thickness 0.15)))
    )
    (fp_arc (start 0 0) (end -3.174999 2.697479) (angle -99.3) (layer Edge.Cuts) (width 0.15))
    (fp_arc (start 0 0) (end 3.174999 -2.697479) (angle -99.3) (layer Edge.Cuts) (width 0.15))
    (fp_line (start -3.175 -2.69748) (end -3.175 2.69748) (layer Edge.Cuts) (width 0.15))
    (fp_line (start 3.175 -2.69748) (end 3.175 2.69748) (layer Edge.Cuts) (width 0.15))
    (fp_circle (center 0 0) (end 5.8166 0) (layer Dwgs.User) (width 0.15))
  )

  (module "SynthComponents:Cinch Banana Jack (Panel)" (layer F.Cu) (tedit 5D265EF7) (tstamp 5D32FDE8)
    (at 41.275 90.4875)
    (fp_text reference REF** (at 0.0127 1.7399) (layer F.SilkS) hide
      (effects (font (size 1 1) (thickness 0.15)))
    )
    (fp_text value "Banana Jack" (at 0.02286 -6.69544) (layer F.Fab) hide
      (effects (font (size 1 1) (thickness 0.15)))
    )
    (fp_arc (start 0 0) (end -3.174999 2.697479) (angle -99.3) (layer Edge.Cuts) (width 0.15))
    (fp_arc (start 0 0) (end 3.174999 -2.697479) (angle -99.3) (layer Edge.Cuts) (width 0.15))
    (fp_line (start -3.175 -2.69748) (end -3.175 2.69748) (layer Edge.Cuts) (width 0.15))
    (fp_line (start 3.175 -2.69748) (end 3.175 2.69748) (layer Edge.Cuts) (width 0.15))
    (fp_circle (center 0 0) (end 5.8166 0) (layer Dwgs.User) (width 0.15))
  )

  (module "SynthComponents:Cinch Banana Jack (Panel)" (layer F.Cu) (tedit 5D265EF7) (tstamp 5D32FDE8)
    (at 41.275 71.4375)
    (fp_text reference REF** (at 0.0127 1.7399) (layer F.SilkS) hide
      (effects (font (size 1 1) (thickness 0.15)))
    )
    (fp_text value "Banana Jack" (at 0.02286 -6.69544) (layer F.Fab) hide
      (effects (font (size 1 1) (thickness 0.15)))
    )
    (fp_arc (start 0 0) (end -3.174999 2.697479) (angle -99.3) (layer Edge.Cuts) (width 0.15))
    (fp_arc (start 0 0) (end 3.174999 -2.697479) (angle -99.3) (layer Edge.Cuts) (width 0.15))
    (fp_line (start -3.175 -2.69748) (end -3.175 2.69748) (layer Edge.Cuts) (width 0.15))
    (fp_line (start 3.175 -2.69748) (end 3.175 2.69748) (layer Edge.Cuts) (width 0.15))
    (fp_circle (center 0 0) (end 5.8166 0) (layer Dwgs.User) (width 0.15))
  )

  (module "SynthComponents:Cinch Banana Jack (Panel)" (layer F.Cu) (tedit 5D265EF7) (tstamp 5D32FDE8)
    (at 66.675 71.4375)
    (fp_text reference REF** (at 0.0127 1.7399) (layer F.SilkS) hide
      (effects (font (size 1 1) (thickness 0.15)))
    )
    (fp_text value "Banana Jack" (at 0.02286 -6.69544) (layer F.Fab) hide
      (effects (font (size 1 1) (thickness 0.15)))
    )
    (fp_arc (start 0 0) (end -3.174999 2.697479) (angle -99.3) (layer Edge.Cuts) (width 0.15))
    (fp_arc (start 0 0) (end 3.174999 -2.697479) (angle -99.3) (layer Edge.Cuts) (width 0.15))
    (fp_line (start -3.175 -2.69748) (end -3.175 2.69748) (layer Edge.Cuts) (width 0.15))
    (fp_line (start 3.175 -2.69748) (end 3.175 2.69748) (layer Edge.Cuts) (width 0.15))
    (fp_circle (center 0 0) (end 5.8166 0) (layer Dwgs.User) (width 0.15))
  )

  (module "SynthComponents:Cinch Banana Jack (Panel)" (layer F.Cu) (tedit 5D265EF7) (tstamp 5D32FDE8)
    (at 92.075 71.4375)
    (fp_text reference REF** (at 0.0127 1.7399) (layer F.SilkS) hide
      (effects (font (size 1 1) (thickness 0.15)))
    )
    (fp_text value "Banana Jack" (at 0.02286 -6.69544) (layer F.Fab) hide
      (effects (font (size 1 1) (thickness 0.15)))
    )
    (fp_arc (start 0 0) (end -3.174999 2.697479) (angle -99.3) (layer Edge.Cuts) (width 0.15))
    (fp_arc (start 0 0) (end 3.174999 -2.697479) (angle -99.3) (layer Edge.Cuts) (width 0.15))
    (fp_line (start -3.175 -2.69748) (end -3.175 2.69748) (layer Edge.Cuts) (width 0.15))
    (fp_line (start 3.175 -2.69748) (end 3.175 2.69748) (layer Edge.Cuts) (width 0.15))
    (fp_circle (center 0 0) (end 5.8166 0) (layer Dwgs.User) (width 0.15))
  )

  (module "SynthComponents:Cinch Banana Jack (Panel)" (layer F.Cu) (tedit 5D265EF7) (tstamp 5D32FDE8)
    (at 117.475 52.3875)
    (fp_text reference REF** (at 0.0127 1.7399) (layer F.SilkS) hide
      (effects (font (size 1 1) (thickness 0.15)))
    )
    (fp_text value "Banana Jack" (at 0.02286 -6.69544) (layer F.Fab) hide
      (effects (font (size 1 1) (thickness 0.15)))
    )
    (fp_arc (start 0 0) (end -3.174999 2.697479) (angle -99.3) (layer Edge.Cuts) (width 0.15))
    (fp_arc (start 0 0) (end 3.174999 -2.697479) (angle -99.3) (layer Edge.Cuts) (width 0.15))
    (fp_line (start -3.175 -2.69748) (end -3.175 2.69748) (layer Edge.Cuts) (width 0.15))
    (fp_line (start 3.175 -2.69748) (end 3.175 2.69748) (layer Edge.Cuts) (width 0.15))
    (fp_circle (center 0 0) (end 5.8166 0) (layer Dwgs.User) (width 0.15))
  )

  (module "SynthComponents:Cinch Banana Jack (Panel)" (layer F.Cu) (tedit 5D265EF7) (tstamp 5D32FDE8)
    (at 117.475 33.3375)
    (fp_text reference REF** (at 0.0127 1.7399) (layer F.SilkS) hide
      (effects (font (size 1 1) (thickness 0.15)))
    )
    (fp_text value "Banana Jack" (at 0.02286 -6.69544) (layer F.Fab) hide
      (effects (font (size 1 1) (thickness 0.15)))
    )
    (fp_arc (start 0 0) (end -3.174999 2.697479) (angle -99.3) (layer Edge.Cuts) (width 0.15))
    (fp_arc (start 0 0) (end 3.174999 -2.697479) (angle -99.3) (layer Edge.Cuts) (width 0.15))
    (fp_line (start -3.175 -2.69748) (end -3.175 2.69748) (layer Edge.Cuts) (width 0.15))
    (fp_line (start 3.175 -2.69748) (end 3.175 2.69748) (layer Edge.Cuts) (width 0.15))
    (fp_circle (center 0 0) (end 5.8166 0) (layer Dwgs.User) (width 0.15))
  )

  (module "SynthComponents:Cinch Banana Jack (Panel)" (layer F.Cu) (tedit 5D265EF7) (tstamp 5D32FBD1)
    (at 41.275 33.3375)
    (fp_text reference REF** (at 0.0127 1.7399) (layer F.SilkS) hide
      (effects (font (size 1 1) (thickness 0.15)))
    )
    (fp_text value "Banana Jack" (at 0.02286 -6.69544) (layer F.Fab) hide
      (effects (font (size 1 1) (thickness 0.15)))
    )
    (fp_circle (center 0 0) (end 5.8166 0) (layer Dwgs.User) (width 0.15))
    (fp_line (start 3.175 -2.69748) (end 3.175 2.69748) (layer Edge.Cuts) (width 0.15))
    (fp_line (start -3.175 -2.69748) (end -3.175 2.69748) (layer Edge.Cuts) (width 0.15))
    (fp_arc (start 0 0) (end 3.174999 -2.697479) (angle -99.3) (layer Edge.Cuts) (width 0.15))
    (fp_arc (start 0 0) (end -3.174999 2.697479) (angle -99.3) (layer Edge.Cuts) (width 0.15))
  )

  (module "SynthComponents:Cinch Banana Jack (Panel)" (layer F.Cu) (tedit 5D265EF7) (tstamp 5D32FDCA)
    (at 66.675 33.3375)
    (fp_text reference REF** (at 0.0127 1.7399) (layer F.SilkS) hide
      (effects (font (size 1 1) (thickness 0.15)))
    )
    (fp_text value "Banana Jack" (at 0.02286 -6.69544) (layer F.Fab) hide
      (effects (font (size 1 1) (thickness 0.15)))
    )
    (fp_circle (center 0 0) (end 5.8166 0) (layer Dwgs.User) (width 0.15))
    (fp_line (start 3.175 -2.69748) (end 3.175 2.69748) (layer Edge.Cuts) (width 0.15))
    (fp_line (start -3.175 -2.69748) (end -3.175 2.69748) (layer Edge.Cuts) (width 0.15))
    (fp_arc (start 0 0) (end 3.174999 -2.697479) (angle -99.3) (layer Edge.Cuts) (width 0.15))
    (fp_arc (start 0 0) (end -3.174999 2.697479) (angle -99.3) (layer Edge.Cuts) (width 0.15))
  )

  (module "SynthComponents:Cinch Banana Jack (Panel)" (layer F.Cu) (tedit 5D265EF7) (tstamp 5D32FDE4)
    (at 92.075 33.3375)
    (fp_text reference REF** (at 0.0127 1.7399) (layer F.SilkS) hide
      (effects (font (size 1 1) (thickness 0.15)))
    )
    (fp_text value "Banana Jack" (at 0.02286 -6.69544) (layer F.Fab) hide
      (effects (font (size 1 1) (thickness 0.15)))
    )
    (fp_circle (center 0 0) (end 5.8166 0) (layer Dwgs.User) (width 0.15))
    (fp_line (start 3.175 -2.69748) (end 3.175 2.69748) (layer Edge.Cuts) (width 0.15))
    (fp_line (start -3.175 -2.69748) (end -3.175 2.69748) (layer Edge.Cuts) (width 0.15))
    (fp_arc (start 0 0) (end 3.174999 -2.697479) (angle -99.3) (layer Edge.Cuts) (width 0.15))
    (fp_arc (start 0 0) (end -3.174999 2.697479) (angle -99.3) (layer Edge.Cuts) (width 0.15))
  )

  (module Capacitor_SMD:C_1206_3216Metric_Pad1.42x1.75mm_HandSolder (layer F.Cu) (tedit 5B301BBE) (tstamp 5D4E0BA3)
    (at 357.285001 55.170001)
    (descr "Capacitor SMD 1206 (3216 Metric), square (rectangular) end terminal, IPC_7351 nominal with elongated pad for handsoldering. (Body size source: http://www.tortai-tech.com/upload/download/2011102023233369053.pdf), generated with kicad-footprint-generator")
    (tags "capacitor handsolder")
    (path /5C2E25CA)
    (attr smd)
    (fp_text reference C1 (at 0 -1.82) (layer F.SilkS)
      (effects (font (size 1 1) (thickness 0.15)))
    )
    (fp_text value 100n (at 0 1.82) (layer F.Fab)
      (effects (font (size 1 1) (thickness 0.15)))
    )
    (fp_text user %R (at 0 0) (layer F.Fab)
      (effects (font (size 0.8 0.8) (thickness 0.12)))
    )
    (fp_line (start 2.45 1.12) (end -2.45 1.12) (layer F.CrtYd) (width 0.05))
    (fp_line (start 2.45 -1.12) (end 2.45 1.12) (layer F.CrtYd) (width 0.05))
    (fp_line (start -2.45 -1.12) (end 2.45 -1.12) (layer F.CrtYd) (width 0.05))
    (fp_line (start -2.45 1.12) (end -2.45 -1.12) (layer F.CrtYd) (width 0.05))
    (fp_line (start -0.602064 0.91) (end 0.602064 0.91) (layer F.SilkS) (width 0.12))
    (fp_line (start -0.602064 -0.91) (end 0.602064 -0.91) (layer F.SilkS) (width 0.12))
    (fp_line (start 1.6 0.8) (end -1.6 0.8) (layer F.Fab) (width 0.1))
    (fp_line (start 1.6 -0.8) (end 1.6 0.8) (layer F.Fab) (width 0.1))
    (fp_line (start -1.6 -0.8) (end 1.6 -0.8) (layer F.Fab) (width 0.1))
    (fp_line (start -1.6 0.8) (end -1.6 -0.8) (layer F.Fab) (width 0.1))
    (pad 2 smd roundrect (at 1.4875 0) (size 1.425 1.75) (layers F.Cu F.Paste F.Mask) (roundrect_rratio 0.175439)
      (net 1 Ext.InB))
    (pad 1 smd roundrect (at -1.4875 0) (size 1.425 1.75) (layers F.Cu F.Paste F.Mask) (roundrect_rratio 0.175439)
      (net 2 "Net-(C1-Pad1)"))
    (model ${KISYS3DMOD}/Capacitor_SMD.3dshapes/C_1206_3216Metric.wrl
      (at (xyz 0 0 0))
      (scale (xyz 1 1 1))
      (rotate (xyz 0 0 0))
    )
  )

  (module Capacitor_SMD:C_1206_3216Metric_Pad1.42x1.75mm_HandSolder (layer F.Cu) (tedit 5B301BBE) (tstamp 5D4E0BB4)
    (at 348.085001 71.250001)
    (descr "Capacitor SMD 1206 (3216 Metric), square (rectangular) end terminal, IPC_7351 nominal with elongated pad for handsoldering. (Body size source: http://www.tortai-tech.com/upload/download/2011102023233369053.pdf), generated with kicad-footprint-generator")
    (tags "capacitor handsolder")
    (path /5C2E30EF)
    (attr smd)
    (fp_text reference C2 (at 0 -1.82) (layer F.SilkS)
      (effects (font (size 1 1) (thickness 0.15)))
    )
    (fp_text value 560p (at 0 1.82) (layer F.Fab)
      (effects (font (size 1 1) (thickness 0.15)))
    )
    (fp_line (start -1.6 0.8) (end -1.6 -0.8) (layer F.Fab) (width 0.1))
    (fp_line (start -1.6 -0.8) (end 1.6 -0.8) (layer F.Fab) (width 0.1))
    (fp_line (start 1.6 -0.8) (end 1.6 0.8) (layer F.Fab) (width 0.1))
    (fp_line (start 1.6 0.8) (end -1.6 0.8) (layer F.Fab) (width 0.1))
    (fp_line (start -0.602064 -0.91) (end 0.602064 -0.91) (layer F.SilkS) (width 0.12))
    (fp_line (start -0.602064 0.91) (end 0.602064 0.91) (layer F.SilkS) (width 0.12))
    (fp_line (start -2.45 1.12) (end -2.45 -1.12) (layer F.CrtYd) (width 0.05))
    (fp_line (start -2.45 -1.12) (end 2.45 -1.12) (layer F.CrtYd) (width 0.05))
    (fp_line (start 2.45 -1.12) (end 2.45 1.12) (layer F.CrtYd) (width 0.05))
    (fp_line (start 2.45 1.12) (end -2.45 1.12) (layer F.CrtYd) (width 0.05))
    (fp_text user %R (at 0 0) (layer F.Fab)
      (effects (font (size 0.8 0.8) (thickness 0.12)))
    )
    (pad 1 smd roundrect (at -1.4875 0) (size 1.425 1.75) (layers F.Cu F.Paste F.Mask) (roundrect_rratio 0.175439)
      (net 3 GND))
    (pad 2 smd roundrect (at 1.4875 0) (size 1.425 1.75) (layers F.Cu F.Paste F.Mask) (roundrect_rratio 0.175439)
      (net 4 "Net-(C2-Pad2)"))
    (model ${KISYS3DMOD}/Capacitor_SMD.3dshapes/C_1206_3216Metric.wrl
      (at (xyz 0 0 0))
      (scale (xyz 1 1 1))
      (rotate (xyz 0 0 0))
    )
  )

  (module Capacitor_SMD:C_1206_3216Metric_Pad1.42x1.75mm_HandSolder (layer F.Cu) (tedit 5B301BBE) (tstamp 5D4E0BC5)
    (at 366.315001 51.370001)
    (descr "Capacitor SMD 1206 (3216 Metric), square (rectangular) end terminal, IPC_7351 nominal with elongated pad for handsoldering. (Body size source: http://www.tortai-tech.com/upload/download/2011102023233369053.pdf), generated with kicad-footprint-generator")
    (tags "capacitor handsolder")
    (path /5C2E2E18)
    (attr smd)
    (fp_text reference C3 (at 0 -1.82) (layer F.SilkS)
      (effects (font (size 1 1) (thickness 0.15)))
    )
    (fp_text value 560p (at 0 1.82) (layer F.Fab)
      (effects (font (size 1 1) (thickness 0.15)))
    )
    (fp_text user %R (at 0 0) (layer F.Fab)
      (effects (font (size 0.8 0.8) (thickness 0.12)))
    )
    (fp_line (start 2.45 1.12) (end -2.45 1.12) (layer F.CrtYd) (width 0.05))
    (fp_line (start 2.45 -1.12) (end 2.45 1.12) (layer F.CrtYd) (width 0.05))
    (fp_line (start -2.45 -1.12) (end 2.45 -1.12) (layer F.CrtYd) (width 0.05))
    (fp_line (start -2.45 1.12) (end -2.45 -1.12) (layer F.CrtYd) (width 0.05))
    (fp_line (start -0.602064 0.91) (end 0.602064 0.91) (layer F.SilkS) (width 0.12))
    (fp_line (start -0.602064 -0.91) (end 0.602064 -0.91) (layer F.SilkS) (width 0.12))
    (fp_line (start 1.6 0.8) (end -1.6 0.8) (layer F.Fab) (width 0.1))
    (fp_line (start 1.6 -0.8) (end 1.6 0.8) (layer F.Fab) (width 0.1))
    (fp_line (start -1.6 -0.8) (end 1.6 -0.8) (layer F.Fab) (width 0.1))
    (fp_line (start -1.6 0.8) (end -1.6 -0.8) (layer F.Fab) (width 0.1))
    (pad 2 smd roundrect (at 1.4875 0) (size 1.425 1.75) (layers F.Cu F.Paste F.Mask) (roundrect_rratio 0.175439)
      (net 5 "Net-(C3-Pad2)"))
    (pad 1 smd roundrect (at -1.4875 0) (size 1.425 1.75) (layers F.Cu F.Paste F.Mask) (roundrect_rratio 0.175439)
      (net 3 GND))
    (model ${KISYS3DMOD}/Capacitor_SMD.3dshapes/C_1206_3216Metric.wrl
      (at (xyz 0 0 0))
      (scale (xyz 1 1 1))
      (rotate (xyz 0 0 0))
    )
  )

  (module Capacitor_SMD:C_1206_3216Metric_Pad1.42x1.75mm_HandSolder (layer F.Cu) (tedit 5B301BBE) (tstamp 5D4E0BD6)
    (at 359.235001 59.750001)
    (descr "Capacitor SMD 1206 (3216 Metric), square (rectangular) end terminal, IPC_7351 nominal with elongated pad for handsoldering. (Body size source: http://www.tortai-tech.com/upload/download/2011102023233369053.pdf), generated with kicad-footprint-generator")
    (tags "capacitor handsolder")
    (path /5C2E329C)
    (attr smd)
    (fp_text reference C4 (at 0 -1.82) (layer F.SilkS)
      (effects (font (size 1 1) (thickness 0.15)))
    )
    (fp_text value 560p (at 0 1.82) (layer F.Fab)
      (effects (font (size 1 1) (thickness 0.15)))
    )
    (fp_text user %R (at 0 0) (layer F.Fab)
      (effects (font (size 0.8 0.8) (thickness 0.12)))
    )
